Epoch	Total Error
1	0.5144276840289139
2	0.5142955868230136
3	0.5141881039818195
4	0.5141006581676353
5	0.514029522720265
6	0.5139716648300288
7	0.5139246170785041
8	0.5138863724153862
9	0.5138552984255693
10	0.5138300674274208
11	0.5138095995331923
12	0.513793016302776
13	0.5137796030421097
14	0.513768778147699
15	0.5137600681889483
16	0.5137530876594547
17	0.5137475225253043
18	0.5137431168598457
19	0.5137396619864945
20	0.5137369876589838
21	0.5137349548964556
22	0.5137334501624462
23	0.5137323806351602
24	0.5137316703638675
25	0.5137312571448278
26	0.5137310899814883
27	0.5137311270191519
28	0.5137313338649825
29	0.5137316822210025
30	0.5137321487713489
31	0.5137327142761199
32	0.5137333628331113
33	0.5137340812760242
34	0.5137348586836366
35	0.5137356859792244
36	0.5137365556034115
37	0.5137374612467812
38	0.5137383976311543
39	0.513739360330506
40	0.5137403456241978
41	0.5137413503765559
42	0.5137423719379558
43	0.5137434080634631
44	0.5137444568458261
45	0.5137455166602036
46	0.5137465861185004
47	0.5137476640315775
48	0.513748749377919
49	0.5137498412776055
50	0.5137509389706472
51	0.5137520417989123
52	0.5137531491910141
53	0.5137542606496479
54	0.5137553757409506
55	0.5137564940855399
56	0.5137576153509456
57	0.5137587392452023
58	0.5137598655114083
59	0.5137609939230936
60	0.5137621242802654
61	0.5137632564060217
62	0.5137643901436452
63	0.5137655253541011
64	0.5137666619138763
65	0.5137677997131118
66	0.5137689386539791
67	0.5137700786492707
68	0.5137712196211692
69	0.5137723615001729
70	0.5137735042241532
71	0.5137746477375301
72	0.513775791990543
73	0.5137769369386123
74	0.5137780825417733
75	0.5137792287641769
76	0.5137803755736474
77	0.51378152294129
78	0.5137826708411423
79	0.5137838192498653
80	0.5137849681464676
81	0.5137861175120602
82	0.5137872673296373
83	0.5137884175838818
84	0.5137895682609899
85	0.5137907193485156
86	0.5137918708352317
87	0.5137930227110042
88	0.5137941749666814
89	0.5137953275939932
90	0.5137964805854615
91	0.5137976339343197
92	0.5137987876344408
93	0.5137999416802729
94	0.5138010960667797
95	0.5138022507893903
96	0.5138034058439508
97	0.5138045612266828
98	0.5138057169341459
99	0.5138068729632028
100	0.51380802931099
101	0.5138091859748894
102	0.5138103429525038
103	0.5138115002416352
104	0.5138126578402643
105	0.513813815746533
106	0.5138149739587281
107	0.5138161324752659
108	0.5138172912946816
109	0.5138184504156148
110	0.5138196098368004
111	0.5138207695570592
112	0.5138219295752886
113	0.5138230898904554
114	0.5138242505015889
115	0.5138254114077749
116	0.5138265726081491
117	0.5138277341018935
118	0.5138288958882306
119	0.5138300579664199
120	0.5138312203357547
121	0.5138323829955578
122	0.5138335459451789
123	0.5138347091839928
124	0.5138358727113954
125	0.5138370365268028
126	0.513838200629649
127	0.5138393650193838
128	0.5138405296954717
129	0.5138416946573903
130	0.5138428599046292
131	0.5138440254366881
132	0.5138451912530766
133	0.5138463573533134
134	0.5138475237369244
135	0.5138486904034429
136	0.5138498573524088
137	0.5138510245833676
138	0.5138521920958702
139	0.513853359889472
140	0.513854527963733
141	0.5138556963182168
142	0.5138568649524913
143	0.5138580338661263
144	0.5138592030586958
145	0.5138603725297761
146	0.5138615422789459
147	0.5138627123057857
148	0.5138638826098785
149	0.5138650531908096
150	0.5138662240481646
151	0.5138673951815319
152	0.513868566590501
153	0.5138697382746625
154	0.5138709102336084
155	0.5138720824669321
156	0.5138732549742269
157	0.5138744277550885
158	0.5138756008091128
159	0.5138767741358962
160	0.5138779477350366
161	0.5138791216061319
162	0.5138802957487812
163	0.513881470162584
164	0.5138826448471405
165	0.5138838198020512
166	0.5138849950269173
167	0.5138861705213407
168	0.513887346284923
169	0.5138885223172676
170	0.5138896986179768
171	0.5138908751866543
172	0.513892052022904
173	0.51389322912633
174	0.5138944064965365
175	0.5138955841331287
176	0.5138967620357118
177	0.5138979402038911
178	0.5138991186372724
179	0.513900297335462
180	0.5139014762980658
181	0.5139026555246908
182	0.5139038350149441
183	0.5139050147684322
184	0.5139061947847631
185	0.5139073750635441
186	0.5139085556043832
187	0.5139097364068884
188	0.5139109174706682
189	0.5139120987953312
190	0.5139132803804859
191	0.5139144622257416
192	0.5139156443307069
193	0.5139168266949918
194	0.5139180093182056
195	0.5139191921999581
196	0.5139203753398592
197	0.513921558737519
198	0.5139227423925478
199	0.5139239263045561
200	0.5139251104731545
201	0.5139262948979537
202	0.5139274795785649
203	0.513928664514599
204	0.5139298497056675
205	0.5139310351513815
206	0.5139322208513529
207	0.5139334068051931
208	0.5139345930125141
209	0.5139357794729279
210	0.5139369661860467
211	0.5139381531514826
212	0.513939340368848
213	0.5139405278377553
214	0.5139417155578174
215	0.5139429035286468
216	0.5139440917498564
217	0.5139452802210591
218	0.5139464689418682
219	0.5139476579118966
220	0.5139488471307576
221	0.5139500365980647
222	0.5139512263134313
223	0.5139524162764709
224	0.513953606486797
225	0.5139547969440235
226	0.5139559876477642
227	0.5139571785976331
228	0.513958369793244
229	0.5139595612342107
230	0.5139607529201478
231	0.5139619448506689
232	0.5139631370253888
233	0.5139643294439212
234	0.5139655221058809
235	0.5139667150108819
236	0.513967908158539
237	0.5139691015484665
238	0.5139702951802791
239	0.5139714890535912
240	0.5139726831680174
241	0.5139738775231724
242	0.513975072118671
243	0.5139762669541276
244	0.5139774620291572
245	0.5139786573433742
246	0.513979852896394
247	0.5139810486878309
248	0.5139822447172997
249	0.5139834409844155
250	0.5139846374887928
251	0.5139858342300466
252	0.5139870312077917
253	0.5139882284216428
254	0.5139894258712148
255	0.5139906235561226
256	0.5139918214759809
257	0.5139930196304043
258	0.5139942180190079
259	0.5139954166414061
260	0.513996615497214
261	0.5139978145860458
262	0.5139990139075163
263	0.5140002134612405
264	0.5140014132468325
265	0.5140026132639071
266	0.5140038135120787
267	0.5140050139909617
268	0.5140062147001705
269	0.5140074156393197
270	0.5140086168080235
271	0.5140098182058958
272	0.5140110198325512
273	0.5140122216876034
274	0.5140134237706667
275	0.5140146260813552
276	0.5140158286192826
277	0.5140170313840626
278	0.5140182343753091
279	0.5140194375926358
280	0.5140206410356561
281	0.5140218447039836
282	0.5140230485972315
283	0.5140242527150132
284	0.514025457056942
285	0.5140266616226308
286	0.5140278664116926
287	0.5140290714237403
288	0.5140302766583866
289	0.5140314821152443
290	0.5140326877939256
291	0.5140338936940434
292	0.5140350998152096
293	0.5140363061570361
294	0.5140375127191356
295	0.5140387195011193
296	0.5140399265025994
297	0.5140411337231872
298	0.5140423411624944
299	0.5140435488201321
300	0.5140447566957117
301	0.5140459647888438
302	0.5140471730991397
303	0.5140483816262097
304	0.5140495903696645
305	0.5140507993291146
306	0.5140520085041699
307	0.5140532178944406
308	0.5140544274995363
309	0.5140556373190671
310	0.5140568473526421
311	0.5140580575998707
312	0.514059268060362
313	0.5140604787337248
314	0.514061689619568
315	0.5140629007174999
316	0.5140641120271291
317	0.5140653235480637
318	0.514066535279911
319	0.5140677472222793
320	0.5140689593747761
321	0.5140701717370083
322	0.514071384308583
323	0.5140725970891071
324	0.5140738100781873
325	0.5140750232754296
326	0.5140762366804406
327	0.5140774502928256
328	0.5140786641121906
329	0.5140798781381409
330	0.5140810923702818
331	0.5140823068082179
332	0.5140835214515539
333	0.5140847362998944
334	0.5140859513528433
335	0.5140871666100046
336	0.5140883820709816
337	0.5140895977353779
338	0.5140908136027964
339	0.5140920296728401
340	0.5140932459451112
341	0.5140944624192119
342	0.5140956790947443
343	0.5140968959713099
344	0.5140981130485099
345	0.5140993303259456
346	0.5141005478032177
347	0.5141017654799264
348	0.5141029833556718
349	0.5141042014300539
350	0.5141054197026721
351	0.5141066381731255
352	0.5141078568410131
353	0.5141090757059334
354	0.5141102947674844
355	0.5141115140252643
356	0.5141127334788702
357	0.5141139531278996
358	0.5141151729719493
359	0.5141163930106156
360	0.514117613243495
361	0.514118833670183
362	0.5141200542902752
363	0.5141212751033666
364	0.5141224961090519
365	0.5141237173069256
366	0.5141249386965815
367	0.5141261602776135
368	0.5141273820496146
369	0.5141286040121776
370	0.5141298261648952
371	0.5141310485073594
372	0.5141322710391616
373	0.5141334937598935
374	0.5141347166691461
375	0.5141359397665095
376	0.514137163051574
377	0.5141383865239293
378	0.5141396101831646
379	0.5141408340288688
380	0.5141420580606303
381	0.5141432822780372
382	0.5141445066806772
383	0.5141457312681372
384	0.5141469560400042
385	0.5141481809958643
386	0.5141494061353034
387	0.5141506314579071
388	0.5141518569632602
389	0.5141530826509471
390	0.514154308520552
391	0.5141555345716584
392	0.5141567608038496
393	0.5141579872167082
394	0.5141592138098164
395	0.5141604405827561
396	0.5141616675351083
397	0.5141628946664538
398	0.5141641219763728
399	0.5141653494644454
400	0.5141665771302508
401	0.5141678049733679
402	0.5141690329933747
403	0.5141702611898493
404	0.5141714895623688
405	0.5141727181105102
406	0.5141739468338498
407	0.5141751757319631
408	0.5141764048044257
409	0.514177634050812
410	0.5141788634706964
411	0.5141800930636524
412	0.5141813228292532
413	0.5141825527670714
414	0.5141837828766792
415	0.5141850131576478
416	0.5141862436095481
417	0.5141874742319508
418	0.5141887050244256
419	0.5141899359865416
420	0.5141911671178676
421	0.5141923984179718
422	0.5141936298864217
423	0.514194861522784
424	0.5141960933266255
425	0.514197325297512
426	0.5141985574350084
427	0.5141997897386795
428	0.5142010222080893
429	0.5142022548428011
430	0.5142034876423779
431	0.5142047206063817
432	0.5142059537343742
433	0.5142071870259164
434	0.5142084204805684
435	0.5142096540978901
436	0.5142108878774406
437	0.5142121218187785
438	0.5142133559214614
439	0.5142145901850464
440	0.5142158246090903
441	0.5142170591931489
442	0.5142182939367772
443	0.51421952883953
444	0.514220763900961
445	0.5142219991206236
446	0.5142232344980704
447	0.514224470032853
448	0.514225705724523
449	0.5142269415726306
450	0.5142281775767259
451	0.5142294137363577
452	0.5142306500510749
453	0.514231886520425
454	0.514233123143955
455	0.5142343599212114
456	0.5142355968517396
457	0.5142368339350849
458	0.514238071170791
459	0.5142393085584017
460	0.5142405460974596
461	0.5142417837875068
462	0.5142430216280846
463	0.5142442596187333
464	0.514245497758993
465	0.5142467360484023
466	0.5142479744864998
467	0.5142492130728232
468	0.5142504518069088
469	0.5142516906882927
470	0.5142529297165103
471	0.5142541688910957
472	0.5142554082115829
473	0.5142566476775045
474	0.5142578872883926
475	0.5142591270437789
476	0.5142603669431933
477	0.5142616069861657
478	0.5142628471722251
479	0.5142640875008996
480	0.514265327971716
481	0.5142665685842013
482	0.5142678093378805
483	0.514269050232279
484	0.5142702912669201
485	0.5142715324413274
486	0.514272773755023
487	0.514274015207528
488	0.5142752567983633
489	0.5142764985270485
490	0.5142777403931024
491	0.5142789823960429
492	0.5142802245353872
493	0.5142814668106512
494	0.5142827092213507
495	0.514283951767
496	0.5142851944471124
497	0.5142864372612008
498	0.5142876802087768
499	0.5142889232893514
500	0.5142901665024345
501	0.5142914098475353
502	0.5142926533241615
503	0.5142938969318207
504	0.5142951406700188
505	0.5142963845382612
506	0.5142976285360527
507	0.5142988726628963
508	0.5143001169182947
509	0.5143013613017494
510	0.5143026058127609
511	0.5143038504508289
512	0.5143050952154522
513	0.5143063401061283
514	0.514307585122354
515	0.5143088302636248
516	0.514310075529436
517	0.5143113209192807
518	0.514312566432652
519	0.5143138120690416
520	0.5143150578279402
521	0.5143163037088376
522	0.5143175497112226
523	0.5143187958345825
524	0.5143200420784044
525	0.5143212884421738
526	0.5143225349253754
527	0.5143237815274924
528	0.5143250282480075
529	0.5143262750864023
530	0.514327522042157
531	0.514328769114751
532	0.5143300163036625
533	0.5143312636083688
534	0.5143325110283459
535	0.514333758563069
536	0.5143350062120116
537	0.5143362539746471
538	0.5143375018504468
539	0.5143387498388815
540	0.5143399979394209
541	0.514341246151533
542	0.5143424944746854
543	0.5143437429083441
544	0.5143449914519743
545	0.5143462401050396
546	0.514347488867003
547	0.5143487377373259
548	0.5143499867154688
549	0.514351235800891
550	0.5143524849930508
551	0.5143537342914046
552	0.5143549836954089
553	0.5143562332045174
554	0.5143574828181843
555	0.5143587325358612
556	0.5143599823569995
557	0.5143612322810487
558	0.5143624823074576
559	0.5143637324356736
560	0.5143649826651426
561	0.5143662329953097
562	0.5143674834256186
563	0.5143687339555114
564	0.5143699845844296
565	0.5143712353118133
566	0.5143724861371008
567	0.5143737370597298
568	0.5143749880791364
569	0.5143762391947553
570	0.5143774904060203
571	0.5143787417123638
572	0.5143799931132164
573	0.5143812446080082
574	0.5143824961961676
575	0.5143837478771215
576	0.5143849996502958
577	0.5143862515151153
578	0.5143875034710025
579	0.5143887555173797
580	0.5143900076536672
581	0.514391259879284
582	0.5143925121936481
583	0.5143937645961757
584	0.5143950170862821
585	0.5143962696633806
586	0.514397522326884
587	0.5143987750762026
588	0.5144000279107462
589	0.5144012808299231
590	0.5144025338331399
591	0.5144037869198019
592	0.5144050400893126
593	0.5144062933410751
594	0.5144075466744902
595	0.5144088000889574
596	0.5144100535838749
597	0.5144113071586396
598	0.5144125608126466
599	0.5144138145452897
600	0.5144150683559612
601	0.5144163222440519
602	0.5144175762089513
603	0.5144188302500474
604	0.5144200843667265
605	0.5144213385583734
606	0.5144225928243716
607	0.5144238471641029
608	0.5144251015769477
609	0.5144263560622848
610	0.5144276106194914
611	0.5144288652479434
612	0.5144301199470149
613	0.5144313747160788
614	0.5144326295545059
615	0.5144338844616656
616	0.5144351394369262
617	0.514436394479654
618	0.5144376495892135
619	0.5144389047649679
620	0.5144401600062791
621	0.5144414153125068
622	0.5144426706830093
623	0.5144439261171434
624	0.5144451816142642
625	0.5144464371737251
626	0.514447692794878
627	0.5144489484770729
628	0.5144502042196583
629	0.5144514600219809
630	0.514452715883386
631	0.5144539718032172
632	0.5144552277808161
633	0.5144564838155224
634	0.514457739906675
635	0.5144589960536105
636	0.5144602522556635
637	0.5144615085121673
638	0.5144627648224536
639	0.514464021185852
640	0.5144652776016903
641	0.5144665340692947
642	0.5144677905879899
643	0.5144690471570983
644	0.514470303775941
645	0.5144715604438372
646	0.514472817160104
647	0.5144740739240569
648	0.5144753307350096
649	0.5144765875922741
650	0.5144778444951603
651	0.5144791014429766
652	0.514480358435029
653	0.5144816154706223
654	0.5144828725490591
655	0.5144841296696404
656	0.5144853868316648
657	0.5144866440344292
658	0.5144879012772291
659	0.5144891585593576
660	0.514490415880106
661	0.5144916732387638
662	0.5144929306346183
663	0.5144941880669553
664	0.5144954455350582
665	0.5144967030382088
666	0.5144979605756869
667	0.5144992181467698
668	0.5145004757507338
669	0.5145017333868525
670	0.5145029910543973
671	0.5145042487526387
672	0.514505506480844
673	0.5145067642382791
674	0.5145080220242078
675	0.5145092798378917
676	0.5145105376785906
677	0.5145117955455617
678	0.5145130534380611
679	0.514514311355342
680	0.5145155692966561
681	0.5145168272612521
682	0.5145180852483778
683	0.5145193432572782
684	0.5145206012871961
685	0.5145218593373726
686	0.5145231174070461
687	0.5145243754954536
688	0.5145256336018296
689	0.5145268917254061
690	0.5145281498654134
691	0.5145294080210794
692	0.5145306661916299
693	0.5145319243762885
694	0.5145331825742764
695	0.5145344407848129
696	0.5145356990071148
697	0.5145369572403973
698	0.514538215483872
699	0.5145394737367498
700	0.5145407319982384
701	0.5145419902675434
702	0.5145432485438682
703	0.5145445068264141
704	0.5145457651143795
705	0.5145470234069616
706	0.5145482817033536
707	0.5145495400027479
708	0.514550798304334
709	0.5145520566072991
710	0.5145533149108278
711	0.5145545732141025
712	0.5145558315163035
713	0.5145570898166081
714	0.5145583481141918
715	0.5145596064082274
716	0.5145608646978852
717	0.5145621229823334
718	0.5145633812607373
719	0.5145646395322601
720	0.5145658977960628
721	0.514567156051303
722	0.5145684142971365
723	0.5145696725327167
724	0.5145709307571944
725	0.5145721889697176
726	0.5145734471694319
727	0.5145747053554802
728	0.514575963527004
729	0.5145772216831404
730	0.514578479823025
731	0.514579737945791
732	0.5145809960505683
733	0.5145822541364851
734	0.5145835122026661
735	0.5145847702482338
736	0.5145860282723083
737	0.5145872862740064
738	0.5145885442524428
739	0.5145898022067295
740	0.5145910601359757
741	0.5145923180392875
742	0.5145935759157693
743	0.5145948337645218
744	0.5145960915846434
745	0.5145973493752298
746	0.5145986071353741
747	0.5145998648641661
748	0.5146011225606935
749	0.5146023802240406
750	0.5146036378532894
751	0.5146048954475189
752	0.5146061530058051
753	0.5146074105272217
754	0.5146086680108389
755	0.5146099254557246
756	0.5146111828609434
757	0.5146124402255574
758	0.514613697548626
759	0.5146149548292045
760	0.5146162120663467
761	0.514617469259103
762	0.5146187264065205
763	0.5146199835076439
764	0.5146212405615146
765	0.514622497567171
766	0.514623754523649
767	0.5146250114299805
768	0.5146262682851956
769	0.5146275250883205
770	0.5146287818383788
771	0.5146300385343908
772	0.514631295175374
773	0.5146325517603425
774	0.5146338082883076
775	0.5146350647582775
776	0.5146363211692574
777	0.5146375775202485
778	0.5146388338102501
779	0.5146400900382575
780	0.5146413462032633
781	0.5146426023042566
782	0.5146438583402235
783	0.5146451143101471
784	0.5146463702130066
785	0.5146476260477786
786	0.5146488818134359
787	0.5146501375089493
788	0.5146513931332846
789	0.5146526486854053
790	0.5146539041642715
791	0.5146551595688401
792	0.5146564148980641
793	0.514657670150894
794	0.5146589253262763
795	0.5146601804231543
796	0.5146614354404678
797	0.5146626903771537
798	0.514663945232145
799	0.5146652000043713
800	0.5146664546927591
801	0.5146677092962308
802	0.5146689638137063
803	0.5146702182441012
804	0.5146714725863276
805	0.5146727268392948
806	0.5146739810019079
807	0.5146752350730688
808	0.5146764890516756
809	0.5146777429366229
810	0.5146789967268021
811	0.5146802504211001
812	0.5146815040184013
813	0.5146827575175859
814	0.5146840109175298
815	0.5146852642171067
816	0.5146865174151853
817	0.5146877705106313
818	0.5146890235023067
819	0.5146902763890694
820	0.5146915291697738
821	0.5146927818432704
822	0.5146940344084059
823	0.5146952868640238
824	0.5146965392089629
825	0.5146977914420588
826	0.514699043562143
827	0.5147002955680433
828	0.5147015474585835
829	0.5147027992325834
830	0.5147040508888595
831	0.5147053024262236
832	0.5147065538434838
833	0.5147078051394447
834	0.5147090563129063
835	0.5147103073626651
836	0.5147115582875132
837	0.5147128090862394
838	0.5147140597576273
839	0.5147153103004574
840	0.5147165607135058
841	0.5147178109955445
842	0.5147190611453414
843	0.5147203111616607
844	0.5147215610432616
845	0.5147228107888999
846	0.5147240603973268
847	0.5147253098672896
848	0.5147265591975312
849	0.5147278083867901
850	0.5147290574338012
851	0.5147303063372943
852	0.5147315550959957
853	0.5147328037086267
854	0.514734052173905
855	0.5147353004905433
856	0.5147365486572504
857	0.5147377966727305
858	0.5147390445356834
859	0.5147402922448047
860	0.5147415397987849
861	0.5147427871963117
862	0.5147440344360663
863	0.5147452815167268
864	0.514746528436966
865	0.5147477751954529
866	0.5147490217908512
867	0.5147502682218207
868	0.514751514487016
869	0.5147527605850879
870	0.5147540065146818
871	0.514755252274439
872	0.5147564978629956
873	0.5147577432789836
874	0.51475898852103
875	0.5147602335877572
876	0.5147614784777826
877	0.5147627231897194
878	0.5147639677221751
879	0.5147652120737536
880	0.514766456243053
881	0.5147677002286668
882	0.5147689440291839
883	0.514770187643188
884	0.5147714310692586
885	0.514772674305969
886	0.5147739173518887
887	0.514775160205582
888	0.5147764028656077
889	0.5147776453305201
890	0.5147788875988683
891	0.5147801296691963
892	0.5147813715400433
893	0.5147826132099429
894	0.5147838546774243
895	0.5147850959410107
896	0.5147863369992212
897	0.5147875778505684
898	0.5147888184935608
899	0.5147900589267014
900	0.5147912991484876
901	0.514792539157412
902	0.5147937789519615
903	0.5147950185306178
904	0.5147962578918577
905	0.5147974970341521
906	0.5147987359559667
907	0.5147999746557615
908	0.5148012131319918
909	0.5148024513831069
910	0.5148036894075504
911	0.5148049272037611
912	0.514806164770172
913	0.5148074021052104
914	0.5148086392072978
915	0.5148098760748503
916	0.5148111127062793
917	0.514812349099989
918	0.5148135852543789
919	0.5148148211678427
920	0.5148160568387681
921	0.5148172922655374
922	0.5148185274465269
923	0.5148197623801072
924	0.5148209970646429
925	0.5148222314984934
926	0.5148234656800112
927	0.514824699607544
928	0.5148259332794327
929	0.5148271666940127
930	0.5148283998496135
931	0.5148296327445584
932	0.5148308653771647
933	0.5148320977457439
934	0.5148333298486009
935	0.5148345616840351
936	0.5148357932503396
937	0.5148370245458009
938	0.5148382555687004
939	0.5148394863173118
940	0.5148407167899038
941	0.5148419469847386
942	0.5148431769000714
943	0.5148444065341522
944	0.5148456358852238
945	0.5148468649515229
946	0.5148480937312799
947	0.5148493222227188
948	0.5148505504240569
949	0.5148517783335055
950	0.5148530059492689
951	0.5148542332695449
952	0.5148554602925253
953	0.5148566870163946
954	0.514857913439331
955	0.5148591395595065
956	0.5148603653750856
957	0.5148615908842264
958	0.5148628160850803
959	0.5148640409757925
960	0.5148652655545005
961	0.5148664898193355
962	0.5148677137684218
963	0.5148689373998764
964	0.51487016071181
965	0.5148713837023262
966	0.5148726063695213
967	0.5148738287114851
968	0.5148750507262999
969	0.5148762724120411
970	0.5148774937667772
971	0.5148787147885692
972	0.5148799354754712
973	0.5148811558255304
974	0.5148823758367862
975	0.5148835955072711
976	0.5148848148350101
977	0.5148860338180212
978	0.5148872524543149
979	0.5148884707418938
980	0.5148896886787543
981	0.5148909062628841
982	0.5148921234922643
983	0.5148933403648681
984	0.514894556878661
985	0.5148957730316016
986	0.5148969888216401
987	0.5148982042467196
988	0.5148994193047752
989	0.5149006339937344
990	0.5149018483115171
991	0.5149030622560354
992	0.5149042758251934
993	0.5149054890168873
994	0.5149067018290059
995	0.5149079142594296
996	0.5149091263060309
997	0.5149103379666748
998	0.5149115492392176
999	0.5149127601215081
1000	0.5149139706113866
1001	0.5149151807066854
1002	0.5149163904052292
1003	0.5149175997048334
1004	0.514918808603306
1005	0.5149200170984467
1006	0.5149212251880466
1007	0.5149224328698883
1008	0.5149236401417465
1009	0.5149248470013873
1010	0.5149260534465683
1011	0.5149272594750384
1012	0.5149284650845385
1013	0.5149296702728005
1014	0.5149308750375476
1015	0.5149320793764951
1016	0.5149332832873488
1017	0.5149344867678061
1018	0.5149356898155554
1019	0.5149368924282768
1020	0.5149380946036414
1021	0.514939296339311
1022	0.514940497632939
1023	0.5149416984821696
1024	0.514942898884638
1025	0.5149440988379704
1026	0.5149452983397841
1027	0.514946497387687
1028	0.514947695979278
1029	0.514948894112147
1030	0.5149500917838741
1031	0.5149512889920307
1032	0.5149524857341784
1033	0.51495368200787
1034	0.5149548778106483
1035	0.5149560731400471
1036	0.5149572679935903
1037	0.5149584623687927
1038	0.5149596562631595
1039	0.514960849674186
1040	0.5149620425993578
1041	0.5149632350361513
1042	0.5149644269820325
1043	0.514965618434458
1044	0.5149668093908746
1045	0.514967999848719
1046	0.5149691898054183
1047	0.5149703792583891
1048	0.5149715682050386
1049	0.5149727566427635
1050	0.5149739445689507
1051	0.5149751319809768
1052	0.5149763188762082
1053	0.5149775052520009
1054	0.514978691105701
1055	0.5149798764346443
1056	0.5149810612361552
1057	0.5149822455075493
1058	0.5149834292461306
1059	0.5149846124491927
1060	0.5149857951140191
1061	0.5149869772378822
1062	0.514988158818044
1063	0.5149893398517558
1064	0.514990520336258
1065	0.5149917002687802
1066	0.5149928796465413
1067	0.514994058466749
1068	0.5149952367266004
1069	0.5149964144232815
1070	0.5149975915539673
1071	0.514998768115821
1072	0.5149999441059958
1073	0.515001119521633
1074	0.5150022943598627
1075	0.5150034686178037
1076	0.5150046422925635
1077	0.5150058153812382
1078	0.5150069878809126
1079	0.5150081597886595
1080	0.5150093311015409
1081	0.5150105018166061
1082	0.5150116719308939
1083	0.5150128414414304
1084	0.5150140103452308
1085	0.5150151786392976
1086	0.5150163463206219
1087	0.5150175133861828
1088	0.5150186798329477
1089	0.5150198456578712
1090	0.5150210108578963
1091	0.5150221754299539
1092	0.5150233393709627
1093	0.5150245026778285
1094	0.5150256653474456
1095	0.5150268273766956
1096	0.5150279887624473
1097	0.5150291495015575
1098	0.5150303095908705
1099	0.5150314690272173
1100	0.5150326278074171
1101	0.5150337859282754
1102	0.515034943386586
1103	0.5150361001791289
1104	0.5150372563026719
1105	0.5150384117539694
1106	0.5150395665297628
1107	0.5150407206267807
1108	0.5150418740417383
1109	0.5150430267713375
1110	0.5150441788122674
1111	0.515045330161203
1112	0.5150464808148069
1113	0.5150476307697274
1114	0.5150487800225996
1115	0.5150499285700452
1116	0.5150510764086718
1117	0.5150522235350738
1118	0.5150533699458318
1119	0.5150545156375119
1120	0.5150556606066671
1121	0.515056804849836
1122	0.5150579483635436
1123	0.5150590911442999
1124	0.5150602331886021
1125	0.5150613744929318
1126	0.5150625150537574
1127	0.5150636548675321
1128	0.5150647939306955
1129	0.515065932239672
1130	0.5150670697908718
1131	0.5150682065806904
1132	0.5150693426055086
1133	0.5150704778616928
1134	0.5150716123455938
1135	0.5150727460535481
1136	0.5150738789818772
1137	0.5150750111268874
1138	0.5150761424848695
1139	0.5150772730521003
1140	0.5150784028248401
1141	0.5150795317993344
1142	0.5150806599718137
1143	0.5150817873384923
1144	0.5150829138955693
1145	0.5150840396392282
1146	0.515085164565637
1147	0.5150862886709476
1148	0.5150874119512963
1149	0.5150885344028037
1150	0.5150896560215734
1151	0.5150907768036945
1152	0.5150918967452388
1153	0.5150930158422622
1154	0.5150941340908046
1155	0.5150952514868893
1156	0.515096368026523
1157	0.5150974837056963
1158	0.5150985985203829
1159	0.5150997124665398
1160	0.5151008255401079
1161	0.5151019377370102
1162	0.5151030490531535
1163	0.5151041594844277
1164	0.5151052690267051
1165	0.5151063776758414
1166	0.5151074854276747
1167	0.5151085922780261
1168	0.5151096982226988
1169	0.5151108032574794
1170	0.5151119073781358
1171	0.5151130105804194
1172	0.5151141128600629
1173	0.5151152142127822
1174	0.5151163146342743
1175	0.5151174141202188
1176	0.5151185126662774
1177	0.5151196102680928
1178	0.5151207069212906
1179	0.5151218026214773
1180	0.5151228973642411
1181	0.5151239911451522
1182	0.5151250839597614
1183	0.5151261758036016
1184	0.5151272666721864
1185	0.515128356561011
1186	0.5151294454655512
1187	0.515130533381264
1188	0.5151316203035874
1189	0.5151327062279398
1190	0.515133791149721
1191	0.5151348750643107
1192	0.5151359579670693
1193	0.5151370398533379
1194	0.5151381207184373
1195	0.5151392005576696
1196	0.5151402793663156
1197	0.5151413571396375
1198	0.5151424338728765
1199	0.5151435095612544
1200	0.515144584199972
1201	0.5151456577842101
1202	0.5151467303091293
1203	0.5151478017698692
1204	0.5151488721615493
1205	0.5151499414792674
1206	0.5151510097181018
1207	0.5151520768731086
1208	0.5151531429393237
1209	0.5151542079117615
1210	0.5151552717854152
1211	0.5151563345552566
1212	0.5151573962162362
1213	0.5151584567632828
1214	0.5151595161913036
1215	0.5151605744951842
1216	0.5151616316697876
1217	0.515162687709956
1218	0.5151637426105087
1219	0.5151647963662428
1220	0.5151658489719335
1221	0.5151669004223335
1222	0.5151679507121727
1223	0.5151689998361584
1224	0.5151700477889756
1225	0.5151710945652863
1226	0.515172140159729
1227	0.51517318456692
1228	0.5151742277814517
1229	0.5151752697978933
1230	0.5151763106107914
1231	0.5151773502146678
1232	0.5151783886040218
1233	0.5151794257733281
1234	0.5151804617170382
1235	0.5151814964295791
1236	0.515182529905354
1237	0.515183562138742
1238	0.5151845931240973
1239	0.5151856228557501
1240	0.5151866513280061
1241	0.5151876785351462
1242	0.5151887044714262
1243	0.5151897291310772
1244	0.5151907525083054
1245	0.5151917745972914
1246	0.5151927953921908
1247	0.5151938148871338
1248	0.5151948330762249
1249	0.5151958499535431
1250	0.5151968655131409
1251	0.5151978797490462
1252	0.5151988926552595
1253	0.5151999042257558
1254	0.5152009144544836
1255	0.5152019233353649
1256	0.5152029308622955
1257	0.515203937029144
1258	0.5152049418297522
1259	0.5152059452579354
1260	0.5152069473074812
1261	0.5152079479721503
1262	0.5152089472456758
1263	0.5152099451217638
1264	0.5152109415940918
1265	0.5152119366563106
1266	0.5152129303020421
1267	0.5152139225248809
1268	0.515214913318393
1269	0.5152159026761159
1270	0.5152168905915594
1271	0.5152178770582038
1272	0.5152188620695007
1273	0.5152198456188735
1274	0.5152208276997157
1275	0.5152218083053922
1276	0.5152227874292383
1277	0.5152237650645599
1278	0.5152247412046331
1279	0.5152257158427045
1280	0.5152266889719905
1281	0.5152276605856775
1282	0.5152286306769214
1283	0.5152295992388485
1284	0.5152305662645534
1285	0.5152315317471015
1286	0.5152324956795258
1287	0.515233458054829
1288	0.5152344188659831
1289	0.5152353781059281
1290	0.5152363357675728
1291	0.5152372918437942
1292	0.5152382463274376
1293	0.5152391992113169
1294	0.515240150488213
1295	0.5152411001508752
1296	0.5152420481920198
1297	0.5152429946043311
1298	0.5152439393804601
1299	0.5152448825130254
1300	0.5152458239946123
1301	0.5152467638177723
1302	0.5152477019750246
1303	0.5152486384588538
1304	0.5152495732617115
1305	0.5152505063760147
1306	0.5152514377941467
1307	0.5152523675084564
1308	0.5152532955112583
1309	0.5152542217948322
1310	0.5152551463514232
1311	0.5152560691732415
1312	0.515256990252462
1313	0.5152579095812242
1314	0.5152588271516322
1315	0.5152597429557545
1316	0.5152606569856237
1317	0.5152615692332361
1318	0.515262479690552
1319	0.5152633883494956
1320	0.5152642952019535
1321	0.5152652002397765
1322	0.515266103454778
1323	0.5152670048387344
1324	0.5152679043833844
1325	0.5152688020804298
1326	0.5152696979215338
1327	0.5152705918983225
1328	0.5152714840023831
1329	0.515272374225265
1330	0.5152732625584793
1331	0.5152741489934977
1332	0.5152750335217532
1333	0.5152759161346402
1334	0.5152767968235132
1335	0.5152776755796875
1336	0.5152785523944384
1337	0.5152794272590017
1338	0.5152803001645727
1339	0.5152811711023066
1340	0.5152820400633178
1341	0.5152829070386804
1342	0.5152837720194269
1343	0.5152846349965492
1344	0.5152854959609979
1345	0.5152863549036814
1346	0.5152872118154667
1347	0.5152880666871787
1348	0.5152889195096001
1349	0.5152897702734712
1350	0.5152906189694895
1351	0.5152914655883097
1352	0.5152923101205431
1353	0.5152931525567581
1354	0.5152939928874796
1355	0.515294831103188
1356	0.51529566719432
1357	0.5152965011512687
1358	0.5152973329643821
1359	0.515298162623963
1360	0.5152989901202707
1361	0.515299815443518
1362	0.5153006385838731
1363	0.5153014595314578
1364	0.515302278276349
1365	0.5153030948085766
1366	0.5153039091181247
1367	0.5153047211949305
1368	0.5153055310288847
1369	0.5153063386098303
1370	0.5153071439275636
1371	0.5153079469718329
1372	0.5153087477323391
1373	0.5153095461987347
1374	0.5153103423606242
1375	0.5153111362075627
1376	0.5153119277290575
1377	0.5153127169145661
1378	0.5153135037534974
1379	0.5153142882352094
1380	0.5153150703490118
1381	0.5153158500841633
1382	0.5153166274298718
1383	0.5153174023752958
1384	0.5153181749095417
1385	0.5153189450216653
1386	0.515319712700671
1387	0.5153204779355114
1388	0.5153212407150868
1389	0.5153220010282452
1390	0.5153227588637828
1391	0.5153235142104422
1392	0.5153242670569133
1393	0.5153250173918323
1394	0.5153257652037824
1395	0.5153265104812919
1396	0.5153272532128357
1397	0.5153279933868338
1398	0.5153287309916514
1399	0.5153294660155985
1400	0.5153301984469303
1401	0.5153309282738455
1402	0.5153316554844874
1403	0.5153323800669427
1404	0.5153331020092422
1405	0.5153338212993586
1406	0.5153345379252087
1407	0.515335251874651
1408	0.5153359631354868
1409	0.5153366716954588
1410	0.5153373775422515
1411	0.5153380806634907
1412	0.5153387810467434
1413	0.5153394786795169
1414	0.5153401735492592
1415	0.5153408656433581
1416	0.5153415549491412
1417	0.5153422414538754
1418	0.5153429251447668
1419	0.5153436060089605
1420	0.5153442840335394
1421	0.5153449592055246
1422	0.5153456315118755
1423	0.5153463009394886
1424	0.5153469674751976
1425	0.5153476311057724
1426	0.5153482918179204
1427	0.5153489495982837
1428	0.5153496044334415
1429	0.5153502563099074
1430	0.5153509052141305
1431	0.5153515511324946
1432	0.5153521940513176
1433	0.5153528339568516
1434	0.5153534708352823
1435	0.5153541046727285
1436	0.515354735455242
1437	0.5153553631688076
1438	0.5153559877993414
1439	0.5153566093326922
1440	0.5153572277546399
1441	0.515357843050895
1442	0.5153584552070998
1443	0.515359064208826
1444	0.5153596700415759
1445	0.5153602726907809
1446	0.5153608721418017
1447	0.5153614683799282
1448	0.5153620613903783
1449	0.5153626511582986
1450	0.5153632376687622
1451	0.5153638209067706
1452	0.5153644008572517
1453	0.5153649775050599
1454	0.5153655508349757
1455	0.5153661208317053
1456	0.5153666874798802
1457	0.5153672507640569
1458	0.5153678106687158
1459	0.5153683671782622
1460	0.5153689202770243
1461	0.5153694699492539
1462	0.5153700161791257
1463	0.5153705589507366
1464	0.515371098248105
1465	0.5153716340551718
1466	0.5153721663557984
1467	0.5153726951337668
1468	0.5153732203727796
1469	0.515373742056459
1470	0.5153742601683465
1471	0.5153747746919027
1472	0.5153752856105067
1473	0.5153757929074554
1474	0.5153762965659633
1475	0.5153767965691627
1476	0.5153772929001013
1477	0.5153777855417442
1478	0.5153782744769719
1479	0.5153787596885798
1480	0.515379241159279
1481	0.515379718871694
1482	0.5153801928083637
1483	0.5153806629517403
1484	0.5153811292841892
1485	0.5153815917879878
1486	0.5153820504453263
1487	0.5153825052383052
1488	0.5153829561489371
1489	0.5153834031591444
1490	0.5153838462507601
1491	0.5153842854055262
1492	0.5153847206050941
1493	0.5153851518310237
1494	0.5153855790647828
1495	0.5153860022877466
1496	0.5153864214811974
1497	0.5153868366263242
1498	0.515387247704222
1499	0.5153876546958905
1500	0.5153880575822352
1501	0.5153884563440659
1502	0.5153888509620956
1503	0.5153892414169413
1504	0.5153896276891223
1505	0.5153900097590609
1506	0.5153903876070802
1507	0.5153907612134052
1508	0.515391130558161
1509	0.5153914956213731
1510	0.5153918563829663
1511	0.5153922128227644
1512	0.5153925649204896
1513	0.5153929126557619
1514	0.5153932560080988
1515	0.5153935949569138
1516	0.5153939294815173
1517	0.5153942595611147
1518	0.5153945851748067
1519	0.5153949063015876
1520	0.5153952229203466
1521	0.5153955350098649
1522	0.5153958425488171
1523	0.5153961455157692
1524	0.515396443889179
1525	0.5153967376473947
1526	0.5153970267686547
1527	0.5153973112310875
1528	0.5153975910127092
1529	0.5153978660914253
1530	0.5153981364450287
1531	0.5153984020511992
1532	0.5153986628875028
1533	0.5153989189313912
1534	0.5153991701602015
1535	0.5153994165511556
1536	0.5153996580813582
1537	0.5153998947277977
1538	0.5154001264673451
1539	0.515400353276753
1540	0.5154005751326554
1541	0.5154007920115662
1542	0.5154010038898797
1543	0.5154012107438692
1544	0.5154014125496863
1545	0.5154016092833603
1546	0.5154018009207976
1547	0.5154019874377811
1548	0.5154021688099697
1549	0.5154023450128962
1550	0.5154025160219688
1551	0.5154026818124687
1552	0.5154028423595496
1553	0.515402997638238
1554	0.5154031476234314
1555	0.5154032922898979
1556	0.5154034316122758
1557	0.5154035655650722
1558	0.515403694122663
1559	0.515403817259291
1560	0.5154039349490671
1561	0.5154040471659678
1562	0.5154041538838345
1563	0.515404255076374
1564	0.5154043507171566
1565	0.5154044407796157
1566	0.5154045252370474
1567	0.5154046040626084
1568	0.5154046772293172
1569	0.5154047447100516
1570	0.5154048064775485
1571	0.5154048625044038
1572	0.5154049127630699
1573	0.5154049572258566
1574	0.5154049958649296
1575	0.5154050286523093
1576	0.5154050555598704
1577	0.5154050765593414
1578	0.515405091622303
1579	0.5154051007201873
1580	0.515405103824278
1581	0.5154051009057082
1582	0.5154050919354605
1583	0.5154050768843653
1584	0.5154050557231011
1585	0.5154050284221923
1586	0.5154049949520092
1587	0.5154049552827669
1588	0.515404909384524
1589	0.5154048572271827
1590	0.5154047987804866
1591	0.5154047340140208
1592	0.5154046628972108
1593	0.5154045853993207
1594	0.5154045014894536
1595	0.5154044111365501
1596	0.5154043143093868
1597	0.5154042109765762
1598	0.5154041011065653
1599	0.515403984667635
1600	0.5154038616278984
1601	0.5154037319553006
1602	0.5154035956176178
1603	0.5154034525824553
1604	0.5154033028172479
1605	0.5154031462892574
1606	0.5154029829655729
1607	0.5154028128131092
1608	0.5154026357986059
1609	0.5154024518886262
1610	0.5154022610495563
1611	0.515402063247604
1612	0.5154018584487976
1613	0.5154016466189851
1614	0.5154014277238333
1615	0.5154012017288264
1616	0.5154009685992651
1617	0.5154007283002651
1618	0.5154004807967569
1619	0.5154002260534841
1620	0.5153999640350027
1621	0.5153996947056791
1622	0.5153994180296901
1623	0.5153991339710216
1624	0.5153988424934667
1625	0.5153985435606254
1626	0.5153982371359029
1627	0.5153979231825091
1628	0.5153976016634569
1629	0.5153972725415615
1630	0.5153969357794386
1631	0.5153965913395039
1632	0.5153962391839714
1633	0.5153958792748529
1634	0.5153955115739556
1635	0.5153951360428829
1636	0.5153947526430307
1637	0.5153943613355887
1638	0.5153939620815366
1639	0.5153935548416455
1640	0.5153931395764749
1641	0.5153927162463718
1642	0.5153922848114698
1643	0.5153918452316879
1644	0.5153913974667284
1645	0.5153909414760771
1646	0.5153904772190002
1647	0.5153900046545448
1648	0.5153895237415362
1649	0.5153890344385773
1650	0.5153885367040476
1651	0.5153880304961009
1652	0.5153875157726648
1653	0.515386992491439
1654	0.5153864606098941
1655	0.5153859200852703
1656	0.5153853708745755
1657	0.5153848129345846
1658	0.5153842462218383
1659	0.515383670692641
1660	0.5153830863030592
1661	0.5153824930089212
1662	0.5153818907658151
1663	0.5153812795290873
1664	0.5153806592538409
1665	0.5153800298949345
1666	0.5153793914069814
1667	0.5153787437443468
1668	0.5153780868611471
1669	0.5153774207112488
1670	0.5153767452482662
1671	0.5153760604255606
1672	0.5153753661962379
1673	0.5153746625131487
1674	0.5153739493288845
1675	0.5153732265957784
1676	0.5153724942659021
1677	0.5153717522910652
1678	0.515371000622813
1679	0.5153702392124252
1680	0.5153694680109142
1681	0.5153686869690243
1682	0.5153678960372288
1683	0.5153670951657291
1684	0.5153662843044533
1685	0.5153654634030542
1686	0.5153646324109076
1687	0.5153637912771111
1688	0.5153629399504815
1689	0.5153620783795548
1690	0.5153612065125825
1691	0.5153603242975319
1692	0.5153594316820821
1693	0.5153585286136251
1694	0.5153576150392615
1695	0.5153566909058
1696	0.515355756159756
1697	0.5153548107473491
1698	0.5153538546145014
1699	0.5153528877068361
1700	0.5153519099696753
1701	0.5153509213480385
1702	0.5153499217866411
1703	0.515348911229892
1704	0.5153478896218914
1705	0.5153468569064303
1706	0.5153458130269873
1707	0.5153447579267282
1708	0.5153436915485019
1709	0.5153426138348407
1710	0.5153415247279575
1711	0.5153404241697435
1712	0.5153393121017673
1713	0.5153381884652719
1714	0.5153370532011734
1715	0.5153359062500584
1716	0.5153347475521834
1717	0.5153335770474712
1718	0.5153323946755095
1719	0.5153312003755496
1720	0.515329994086503
1721	0.515328775746941
1722	0.515327545295091
1723	0.5153263026688357
1724	0.5153250478057104
1725	0.5153237806429007
1726	0.5153225011172418
1727	0.515321209165214
1728	0.5153199047229428
1729	0.5153185877261957
1730	0.5153172581103803
1731	0.5153159158105418
1732	0.5153145607613615
1733	0.5153131928971537
1734	0.5153118121518647
1735	0.5153104184590689
1736	0.5153090117519685
1737	0.5153075919633899
1738	0.5153061590257817
1739	0.5153047128712126
1740	0.5153032534313694
1741	0.5153017806375542
1742	0.5153002944206819
1743	0.5152987947112788
1744	0.5152972814394794
1745	0.5152957545350243
1746	0.5152942139272578
1747	0.5152926595451257
1748	0.5152910913171727
1749	0.5152895091715401
1750	0.5152879130359632
1751	0.5152863028377688
1752	0.5152846785038736
1753	0.5152830399607797
1754	0.5152813871345747
1755	0.5152797199509274
1756	0.5152780383350855
1757	0.515276342211874
1758	0.5152746315056914
1759	0.5152729061405078
1760	0.5152711660398626
1761	0.5152694111268609
1762	0.5152676413241721
1763	0.5152658565540263
1764	0.5152640567382123
1765	0.5152622417980743
1766	0.5152604116545099
1767	0.5152585662279665
1768	0.51525670543844
1769	0.5152548292054705
1770	0.5152529374481405
1771	0.5152510300850718
1772	0.5152491070344231
1773	0.5152471682138865
1774	0.5152452135406849
1775	0.5152432429315703
1776	0.515241256302819
1777	0.5152392535702304
1778	0.5152372346491227
1779	0.5152351994543312
1780	0.5152331479002051
1781	0.5152310799006041
1782	0.5152289953688955
1783	0.5152268942179516
1784	0.5152247763601467
1785	0.5152226417073535
1786	0.5152204901709407
1787	0.5152183216617701
1788	0.5152161360901922
1789	0.5152139333660453
1790	0.5152117133986498
1791	0.5152094760968076
1792	0.5152072213687972
1793	0.5152049491223714
1794	0.515202659264753
1795	0.5152003517026339
1796	0.5151980263421692
1797	0.5151956830889757
1798	0.5151933218481278
1799	0.5151909425241552
1800	0.5151885450210381
1801	0.5151861292422049
1802	0.5151836950905291
1803	0.515181242468325
1804	0.5151787712773453
1805	0.5151762814187769
1806	0.515173772793238
1807	0.515171245300774
1808	0.515168698840855
1809	0.5151661333123717
1810	0.5151635486136318
1811	0.515160944642357
1812	0.5151583212956787
1813	0.5151556784701353
1814	0.5151530160616681
1815	0.5151503339656174
1816	0.5151476320767194
1817	0.5151449102891027
1818	0.515142168496284
1819	0.5151394065911646
1820	0.5151366244660271
1821	0.5151338220125311
1822	0.5151309991217096
1823	0.5151281556839655
1824	0.5151252915890675
1825	0.5151224067261463
1826	0.5151195009836907
1827	0.5151165742495442
1828	0.5151136264109002
1829	0.5151106573542985
1830	0.5151076669656223
1831	0.5151046551300925
1832	0.5151016217322646
1833	0.5150985666560255
1834	0.5150954897845873
1835	0.5150923910004859
1836	0.5150892701855742
1837	0.5150861272210208
1838	0.515082961987303
1839	0.515079774364205
1840	0.5150765642308123
1841	0.515073331465508
1842	0.5150700759459688
1843	0.5150667975491601
1844	0.5150634961513321
1845	0.5150601716280153
1846	0.515056823854017
1847	0.5150534527034152
1848	0.5150500580495563
1849	0.515046639765049
1850	0.5150431977217609
1851	0.5150397317908131
1852	0.5150362418425769
1853	0.5150327277466682
1854	0.5150291893719434
1855	0.5150256265864954
1856	0.5150220392576477
1857	0.5150184272519512
1858	0.5150147904351783
1859	0.5150111286723191
1860	0.5150074418275762
1861	0.5150037297643604
1862	0.5149999923452859
1863	0.5149962294321646
1864	0.5149924408860028
1865	0.5149886265669951
1866	0.5149847863345203
1867	0.5149809200471362
1868	0.5149770275625746
1869	0.5149731087377363
1870	0.5149691634286868
1871	0.5149651914906502
1872	0.514961192778005
1873	0.514957167144279
1874	0.5149531144421436
1875	0.5149490345234097
1876	0.514944927239021
1877	0.5149407924390501
1878	0.5149366299726936
1879	0.5149324396882655
1880	0.5149282214331927
1881	0.5149239750540101
1882	0.5149197003963543
1883	0.5149153973049588
1884	0.5149110656236492
1885	0.5149067051953363
1886	0.5149023158620125
1887	0.5148978974647442
1888	0.5148934498436686
1889	0.5148889728379862
1890	0.5148844662859565
1891	0.5148799300248917
1892	0.5148753638911518
1893	0.5148707677201375
1894	0.5148661413462867
1895	0.5148614846030666
1896	0.5148567973229691
1897	0.5148520793375053
1898	0.5148473304771988
1899	0.5148425505715802
1900	0.5148377394491818
1901	0.5148328969375305
1902	0.514828022863143
1903	0.5148231170515192
1904	0.5148181793271361
1905	0.5148132095134428
1906	0.5148082074328525
1907	0.5148031729067385
1908	0.5147981057554268
1909	0.5147930057981901
1910	0.5147878728532416
1911	0.5147827067377293
1912	0.5147775072677291
1913	0.5147722742582385
1914	0.5147670075231707
1915	0.5147617068753484
1916	0.514756372126496
1917	0.5147510030872352
1918	0.5147455995670769
1919	0.5147401613744154
1920	0.5147346883165219
1921	0.5147291801995375
1922	0.5147236368284672
1923	0.5147180580071727
1924	0.514712443538366
1925	0.5147067932236025
1926	0.5147011068632745
1927	0.5146953842566044
1928	0.514689625201638
1929	0.5146838294952365
1930	0.5146779969330715
1931	0.5146721273096169
1932	0.5146662204181419
1933	0.5146602760507044
1934	0.514654293998144
1935	0.5146482740500745
1936	0.5146422159948774
1937	0.5146361196196938
1938	0.5146299847104188
1939	0.5146238110516927
1940	0.5146175984268947
1941	0.5146113466181349
1942	0.5146050554062478
1943	0.5145987245707848
1944	0.5145923538900059
1945	0.5145859431408732
1946	0.5145794920990434
1947	0.51457300053886
1948	0.5145664682333454
1949	0.5145598949541947
1950	0.5145532804717657
1951	0.5145466245550742
1952	0.5145399269717839
1953	0.5145331874881997
1954	0.5145264058692598
1955	0.5145195818785285
1956	0.5145127152781871
1957	0.5145058058290268
1958	0.5144988532904412
1959	0.5144918574204171
1960	0.5144848179755278
1961	0.5144777347109245
1962	0.5144706073803278
1963	0.5144634357360207
1964	0.5144562195288395
1965	0.5144489585081659
1966	0.5144416524219189
1967	0.5144343010165465
1968	0.5144269040370174
1969	0.5144194612268126
1970	0.5144119723279171
1971	0.5144044370808116
1972	0.5143968552244638
1973	0.5143892264963198
1974	0.5143815506322963
1975	0.5143738273667711
1976	0.5143660564325754
1977	0.5143582375609845
1978	0.514350370481709
1979	0.5143424549228869
1980	0.5143344906110742
1981	0.514326477271236
1982	0.5143184146267387
1983	0.5143103023993393
1984	0.5143021403091781
1985	0.5142939280747695
1986	0.5142856654129917
1987	0.5142773520390798
1988	0.514268987666615
1989	0.5142605720075158
1990	0.5142521047720299
1991	0.5142435856687235
1992	0.5142350144044734
1993	0.514226390684457
1994	0.5142177142121429
1995	0.5142089846892818
1996	0.5142002018158977
1997	0.5141913652902772
1998	0.5141824748089612
1999	0.5141735300667349
2000	0.514164530756618
2001	0.5141554765698556
2002	0.5141463671959088
2003	0.5141372023224438
2004	0.5141279816353237
2005	0.5141187048185983
2006	0.5141093715544935
2007	0.5140999815234026
2008	0.5140905344038755
2009	0.51408102987261
2010	0.5140714676044407
2011	0.5140618472723291
2012	0.5140521685473551
2013	0.514042431098705
2014	0.5140326345936621
2015	0.5140227786975977
2016	0.5140128630739589
2017	0.51400288738426
2018	0.5139928512880718
2019	0.5139827544430109
2020	0.51397259650473
2021	0.5139623771269073
2022	0.5139520959612358
2023	0.5139417526574135
2024	0.5139313468631326
2025	0.5139208782240685
2026	0.5139103463838706
2027	0.5138997509841496
2028	0.5138890916644694
2029	0.5138783680623344
2030	0.5138675798131801
2031	0.5138567265503614
2032	0.5138458079051424
2033	0.5138348235066857
2034	0.513823772982041
2035	0.5138126559561348
2036	0.5138014720517592
2037	0.5137902208895606
2038	0.5137789020880297
2039	0.5137675152634896
2040	0.5137560600300848
2041	0.5137445359997703
2042	0.5137329427823011
2043	0.5137212799852191
2044	0.5137095472138447
2045	0.5136977440712629
2046	0.5136858701583134
2047	0.5136739250735795
2048	0.5136619084133756
2049	0.5136498197717371
2050	0.5136376587404079
2051	0.51362542490883
2052	0.5136131178641308
2053	0.5136007371911124
2054	0.5135882824722401
2055	0.5135757532876305
2056	0.5135631492150398
2057	0.5135504698298522
2058	0.5135377147050685
2059	0.5135248834112941
2060	0.5135119755167272
2061	0.5134989905871472
2062	0.513485928185903
2063	0.5134727878739006
2064	0.5134595692095913
2065	0.5134462717489612
2066	0.5134328950455165
2067	0.5134194386502742
2068	0.5134059021117485
2069	0.5133922849759393
2070	0.5133785867863203
2071	0.5133648070838266
2072	0.5133509454068422
2073	0.5133370012911884
2074	0.5133229742701122
2075	0.5133088638742719
2076	0.5132946696317277
2077	0.5132803910679271
2078	0.5132660277056937
2079	0.513251579065215
2080	0.5132370446640289
2081	0.5132224240170127
2082	0.5132077166363699
2083	0.5131929220316178
2084	0.5131780397095753
2085	0.51316306917435
2086	0.5131480099273258
2087	0.513132861467151
2088	0.5131176232897242
2089	0.5131022948881837
2090	0.5130868757528929
2091	0.5130713653714292
2092	0.5130557632285702
2093	0.5130400688062817
2094	0.5130242815837046
2095	0.5130084010371426
2096	0.5129924266400487
2097	0.5129763578630131
2098	0.5129601941737496
2099	0.5129439350370839
2100	0.5129275799149398
2101	0.5129111282663261
2102	0.5128945795473253
2103	0.5128779332110783
2104	0.5128611887077736
2105	0.5128443454846332
2106	0.5128274029858992
2107	0.5128103606528229
2108	0.5127932179236487
2109	0.5127759742336041
2110	0.5127586290148841
2111	0.5127411816966398
2112	0.5127236317049647
2113	0.5127059784628817
2114	0.5126882213903297
2115	0.5126703599041507
2116	0.5126523934180768
2117	0.5126343213427165
2118	0.5126161430855424
2119	0.5125978580508769
2120	0.5125794656398796
2121	0.5125609652505344
2122	0.5125423562776354
2123	0.5125236381127742
2124	0.5125048101443267
2125	0.5124858717574398
2126	0.512466822334017
2127	0.5124476612527074
2128	0.51242838788889
2129	0.5124090016146622
2130	0.512389501798825
2131	0.5123698878068709
2132	0.5123501590009694
2133	0.512330314739955
2134	0.5123103543793126
2135	0.5122902772711646
2136	0.5122700827642578
2137	0.5122497702039495
2138	0.5122293389321945
2139	0.5122087882875315
2140	0.5121881176050698
2141	0.5121673262164759
2142	0.5121464134499599
2143	0.5121253786302624
2144	0.5121042210786408
2145	0.512082940112856
2146	0.5120615350471595
2147	0.5120400051922787
2148	0.5120183498554043
2149	0.5119965683401777
2150	0.5119746599466755
2151	0.5119526239713983
2152	0.5119304597072557
2153	0.5119081664435535
2154	0.5118857434659803
2155	0.5118631900565942
2156	0.5118405054938087
2157	0.5118176890523805
2158	0.5117947400033945
2159	0.5117716576142517
2160	0.5117484411486558
2161	0.5117250898665989
2162	0.5117016030243485
2163	0.5116779798744346
2164	0.5116542196656358
2165	0.5116303216429662
2166	0.5116062850476613
2167	0.5115821091171663
2168	0.5115577930851212
2169	0.5115333361813478
2170	0.5115087376318369
2171	0.511483996658735
2172	0.5114591124803298
2173	0.5114340843110388
2174	0.5114089113613942
2175	0.5113835928380308
2176	0.5113581279436725
2177	0.5113325158771189
2178	0.511306755833232
2179	0.5112808470029232
2180	0.5112547885731403
2181	0.5112285797268535
2182	0.5112022196430434
2183	0.5111757074966867
2184	0.5111490424587439
2185	0.511122223696146
2186	0.5110952503717812
2187	0.5110681216444813
2188	0.5110408366690106
2189	0.5110133945960501
2190	0.5109857945721868
2191	0.5109580357398997
2192	0.5109301172375463
2193	0.5109020381993511
2194	0.5108737977553911
2195	0.5108453950315841
2196	0.510816829149675
2197	0.5107880992272233
2198	0.5107592043775903
2199	0.5107301437099259
2200	0.5107009163291565
2201	0.5106715213359712
2202	0.5106419578268101
2203	0.510612224893851
2204	0.5105823216249967
2205	0.5105522471038626
2206	0.5105220004097638
2207	0.5104915806177024
2208	0.5104609867983556
2209	0.5104302180180621
2210	0.5103992733388105
2211	0.5103681518182263
2212	0.5103368525095592
2213	0.5103053744616715
2214	0.5102737167190248
2215	0.5102418783216683
2216	0.510209858305226
2217	0.5101776557008846
2218	0.510145269535381
2219	0.5101126988309904
2220	0.510079942605514
2221	0.5100469998722661
2222	0.5100138696400636
2223	0.5099805509132118
2224	0.5099470426914943
2225	0.5099133439701593
2226	0.5098794537399086
2227	0.5098453709868856
2228	0.5098110946926628
2229	0.5097766238342306
2230	0.5097419573839848
2231	0.509707094309715
2232	0.5096720335745928
2233	0.5096367741371611
2234	0.5096013149513203
2235	0.5095656549663184
2236	0.5095297931267387
2237	0.5094937283724883
2238	0.5094574596387862
2239	0.5094209858561528
2240	0.5093843059503975
2241	0.5093474188426078
2242	0.5093103234491374
2243	0.5092730186815957
2244	0.5092355034468357
2245	0.5091977766469435
2246	0.5091598371792265
2247	0.5091216839362027
2248	0.5090833158055892
2249	0.5090447316702916
2250	0.5090059304083929
2251	0.5089669108931422
2252	0.5089276719929439
2253	0.5088882125713475
2254	0.5088485314870359
2255	0.5088086275938154
2256	0.5087684997406045
2257	0.508728146771423
2258	0.5086875675253826
2259	0.5086467608366749
2260	0.508605725534562
2261	0.5085644604433651
2262	0.5085229643824556
2263	0.5084812361662427
2264	0.5084392746041653
2265	0.50839707850068
2266	0.5083546466552521
2267	0.5083119778623448
2268	0.5082690709114098
2269	0.5082259245868765
2270	0.5081825376681431
2271	0.5081389089295658
2272	0.5080950371404495
2273	0.5080509210650377
2274	0.5080065594625032
2275	0.5079619510869384
2276	0.5079170946873458
2277	0.5078719890076283
2278	0.5078266327865796
2279	0.5077810247578753
2280	0.5077351636500637
2281	0.5076890481865559
2282	0.5076426770856174
2283	0.5075960490603584
2284	0.5075491628187256
2285	0.507502017063492
2286	0.5074546104922492
2287	0.5074069417973982
2288	0.5073590096661408
2289	0.5073108127804706
2290	0.5072623498171647
2291	0.5072136194477754
2292	0.5071646203386215
2293	0.50711535115078
2294	0.5070658105400782
2295	0.507015997157085
2296	0.5069659096471031
2297	0.5069155466501616
2298	0.5068649068010069
2299	0.506813988729096
2300	0.506762791058588
2301	0.506711312408337
2302	0.5066595513918841
2303	0.5066075066174506
2304	0.5065551766879302
2305	0.5065025602008816
2306	0.5064496557485221
2307	0.5063964619177194
2308	0.506342977289986
2309	0.5062892004414712
2310	0.5062351299429554
2311	0.5061807643598422
2312	0.5061261022521532
2313	0.5060711421745209
2314	0.5060158826761827
2315	0.5059603223009745
2316	0.5059044595873246
2317	0.5058482930682483
2318	0.5057918212713414
2319	0.5057350427187749
2320	0.5056779559272898
2321	0.5056205594081906
2322	0.5055628516673417
2323	0.5055048312051603
2324	0.505446496516613
2325	0.5053878460912098
2326	0.5053288784130002
2327	0.5052695919605683
2328	0.505209985207028
2329	0.5051500566200197
2330	0.5050898046617045
2331	0.5050292277887624
2332	0.5049683244523866
2333	0.5049070930982811
2334	0.5048455321666563
2335	0.5047836400922265
2336	0.5047214153042062
2337	0.5046588562263074
2338	0.5045959612767367
2339	0.5045327288681929
2340	0.5044691574078647
2341	0.5044052452974275
2342	0.5043409909330432
2343	0.5042763927053565
2344	0.5042114489994947
2345	0.5041461581950655
2346	0.5040805186661561
2347	0.504014528781332
2348	0.5039481869036371
2349	0.5038814913905912
2350	0.5038144405941927
2351	0.5037470328609155
2352	0.5036792665317111
2353	0.5036111399420086
2354	0.5035426514217147
2355	0.5034737992952159
2356	0.5034045818813782
2357	0.5033349974935497
2358	0.5032650444395622
2359	0.5031947210217322
2360	0.5031240255368645
2361	0.5030529562762539
2362	0.5029815115256883
2363	0.502909689565452
2364	0.5028374886703293
2365	0.5027649071096074
2366	0.5026919431470817
2367	0.502618595041059
2368	0.5025448610443635
2369	0.5024707394043408
2370	0.502396228362864
2371	0.5023213261563388
2372	0.5022460310157106
2373	0.5021703411664703
2374	0.502094254828661
2375	0.5020177702168855
2376	0.5019408855403145
2377	0.5018635990026936
2378	0.501785908802352
2379	0.501707813132212
2380	0.5016293101797975
2381	0.5015503981272438
2382	0.5014710751513078
2383	0.5013913394233785
2384	0.5013111891094886
2385	0.5012306223703238
2386	0.5011496373612381
2387	0.5010682322322628
2388	0.5009864051281216
2389	0.5009041541882433
2390	0.5008214775467749
2391	0.5007383733325972
2392	0.5006548396693388
2393	0.5005708746753921
2394	0.5004864764639285
2395	0.5004016431429156
2396	0.5003163728151341
2397	0.5002306635781949
2398	0.5001445135245584
2399	0.5000579207415518
2400	0.4999708833113896
2401	0.49988339931119363
2402	0.4997954668130128
2403	0.4997070838838451
2404	0.4996182485856593
2405	0.49952895897541716
2406	0.4994392131050973
2407	0.49934900902171825
2408	0.499258344767364
2409	0.4991672183792084
2410	0.4990756278895412
2411	0.4989835713257955
2412	0.4988910467105747
2413	0.4987980520616803
2414	0.49870458539214135
2415	0.4986106447102442
2416	0.49851622801956286
2417	0.49842133331898975
2418	0.49832595860276885
2419	0.49823010186052774
2420	0.4981337610773119
2421	0.49803693423361867
2422	0.4979396193054338
2423	0.4978418142642663
2424	0.4977435170771873
2425	0.4976447257068664
2426	0.4975454381116128
2427	0.49744565224541293
2428	0.4973453660579734
2429	0.4972445774947616
2430	0.49714328449704936
2431	0.49704148500195566
2432	0.49693917694249284
2433	0.4968363582476115
2434	0.4967330268422475
2435	0.49662918064737016
2436	0.49652481758003086
2437	0.49641993555341357
2438	0.4963145324768853
2439	0.4962086062560489
2440	0.4961021547927963
2441	0.49599517598536225
2442	0.49588766772838155
2443	0.49577962791294433
2444	0.4956710544266544
2445	0.49556194515368857
2446	0.4954522979748574
2447	0.4953421107676661
2448	0.49523138140637757
2449	0.49512010776207704
2450	0.4950082877027362
2451	0.49489591909328134
2452	0.4947829997956601
2453	0.49466952766891154
2454	0.49455550056923625
2455	0.4944409163500686
2456	0.49432577286214974
2457	0.4942100679536028
2458	0.49409379947000853
2459	0.493976965254483
2460	0.4938595631477567
2461	0.4937415909882551
2462	0.49362304661217926
2463	0.49350392785359104
2464	0.4933842325444969
2465	0.4932639585149342
2466	0.4931431035930589
2467	0.4930216656052363
2468	0.4928996423761304
2469	0.49277703172879683
2470	0.4926538314847779
2471	0.4925300394641975
2472	0.49240565348585874
2473	0.49228067136734266
2474	0.4921550909251093
2475	0.4920289099746001
2476	0.49190212633034114
2477	0.49177473780605
2478	0.491646742214742
2479	0.4915181373688402
2480	0.4913889210802862
2481	0.4912590911606521
2482	0.49112864542125567
2483	0.49099758167327645
2484	0.4908658977278735
2485	0.49073359139630535
2486	0.49060066049005163
2487	0.49046710282093664
2488	0.4903329162012546
2489	0.4901980984438971
2490	0.49006264736248206
2491	0.48992656077148444
2492	0.48978983648636965
2493	0.4896524723237283
2494	0.48951446610141286
2495	0.48937581563867616
2496	0.4892365187563122
2497	0.4890965732767991
2498	0.48895597702444354
2499	0.4888147278255275
2500	0.4886728235084564
2501	0.4885302619039098
2502	0.4883870408449949
2503	0.4882431581674
2504	0.4880986117095527
2505	0.48795339931277715
2506	0.48780751882145557
2507	0.48766096808319137
2508	0.4875137449489736
2509	0.48736584727334475
2510	0.4872172729145693
2511	0.48706801973480474
2512	0.4869180856002754
2513	0.48676746838144813
2514	0.48661616595320917
2515	0.4864641761950442
2516	0.4863114969912199
2517	0.4861581262309687
2518	0.48600406180867334
2519	0.4858493016240567
2520	0.48569384358237083
2521	0.48553768559458965
2522	0.48538082557760465
2523	0.48522326145441974
2524	0.485064991154352
2525	0.48490601261323074
2526	0.4847463237736025
2527	0.48458592258493516
2528	0.48442480700382534
2529	0.48426297499420856
2530	0.4841004245275702
2531	0.48393715358315975
2532	0.48377316014820604
2533	0.48360844221813604
2534	0.4834429977967943
2535	0.4832768248966651
2536	0.48310992153909704
2537	0.482942285754529
2538	0.4827739155827191
2539	0.48260480907297404
2540	0.48243496428438265
2541	0.4822643792860497
2542	0.48209305215733267
2543	0.4819209809880806
2544	0.48174816387887365
2545	0.4815745989412665
2546	0.481400284298032
2547	0.4812252180834085
2548	0.48104939844334726
2549	0.48087282353576283
2550	0.4806954915307856
2551	0.4805174006110145
2552	0.4803385489717745
2553	0.4801589348213725
2554	0.4799785563813579
2555	0.47979741188678304
2556	0.479615499586466
2557	0.4794328177432562
2558	0.47924936463429846
2559	0.4790651385513036
2560	0.47888013780081584
2561	0.478694360704485
2562	0.4785078055993389
2563	0.47832047083805723
2564	0.47813235478924776
2565	0.4779434558377228
2566	0.47775377238477856
2567	0.47756330284847454
2568	0.4773720456639151
2569	0.47717999928353094
2570	0.4769871621773648
2571	0.4767935328333554
2572	0.4765991097576232
2573	0.4764038914747586
2574	0.47620787652811014
2575	0.47601106348007344
2576	0.47581345091238225
2577	0.47561503742639955
2578	0.47541582164340956
2579	0.47521580220491133
2580	0.47501497777291224
2581	0.47481334703022204
2582	0.47461090868074907
2583	0.47440766144979574
2584	0.4742036040843545
2585	0.4739987353534051
2586	0.4737930540482117
2587	0.4735865589826208
2588	0.4733792489933589
2589	0.4731711229403308
2590	0.472962179706918
2591	0.47275241820027686
2592	0.4725418373516378
2593	0.4723304361166032
2594	0.4721182134754456
2595	0.4719051684334068
2596	0.47169130002099446
2597	0.471476607294281
2598	0.47126108933519983
2599	0.4710447452518429
2600	0.4708275741787561
2601	0.470609575277235
2602	0.4703907477356197
2603	0.47017109076958963
2604	0.4699506036224552
2605	0.46972928556545096
2606	0.46950713589802595
2607	0.4692841539481354
2608	0.46906033907252653
2609	0.4688356906570288
2610	0.4686102081168384
2611	0.46838389089680316
2612	0.4681567384717052
2613	0.46792875034654247
2614	0.46769992605680855
2615	0.4674702651687692
2616	0.4672397672797389
2617	0.46700843201835407
2618	0.4667762590448446
2619	0.46654324805130265
2620	0.46630939876195043
2621	0.46607471093340247
2622	0.4658391843549299
2623	0.46560281884871746
2624	0.46536561427012135
2625	0.4651275705079216
2626	0.464888687484573
2627	0.46464896515645254
2628	0.4644084035141034
2629	0.4641670025824765
2630	0.46392476242116676
2631	0.4636816831246485
2632	0.46343776482250504
2633	0.46319300767965554
2634	0.4629474118965783
2635	0.4627009777095283
2636	0.4624537053907539
2637	0.46220559524870664
2638	0.4619566476282473
2639	0.46170686291084817
2640	0.46145624151479175
2641	0.4612047838953618
2642	0.4609524905450332
2643	0.460699361993654
2644	0.4604453988086256
2645	0.4601906015950742
2646	0.4599349709960211
2647	0.4596785076925441
2648	0.4594212124039359
2649	0.45916308588785715
2650	0.45890412894048016
2651	0.45864434239663365
2652	0.4583837271299346
2653	0.4581222840529191
2654	0.4578600141171647
2655	0.4575969183134081
2656	0.4573329976716548
2657	0.45706825326128475
2658	0.45680268619114894
2659	0.4565362976096615
2660	0.4562690887048851
2661	0.4560010607046069
2662	0.4557322148764113
2663	0.4554625525277433
2664	0.45519207500596587
2665	0.4549207836984094
2666	0.45464868003241415
2667	0.45437576547536623
2668	0.45410204153472444
2669	0.45382750975804065
2670	0.4535521717329731
2671	0.4532760290872898
2672	0.45299908348886714
2673	0.4527213366456777
2674	0.4524427903057713
2675	0.452163446257249
2676	0.45188330632822693
2677	0.45160237238679346
2678	0.4513206463409565
2679	0.45103813013858496
2680	0.4507548257673383
2681	0.45047073525459014
2682	0.45018586066734273
2683	0.4499002041121323
2684	0.44961376773492495
2685	0.4493265537210056
2686	0.4490385642948562
2687	0.4487498017200266
2688	0.44846026829899494
2689	0.44816996637301953
2690	0.4478788983219827
2691	0.4475870665642237
2692	0.4472944735563634
2693	0.4470011217931197
2694	0.44670701380711353
2695	0.4464121521686657
2696	0.4461165394855837
2697	0.44582017840293986
2698	0.44552307160284055
2699	0.4452252218041841
2700	0.44492663176241054
2701	0.4446273042692429
2702	0.44432724215241604
2703	0.4440264482753987
2704	0.44372492553710496
2705	0.4434226768715957
2706	0.4431197052477712
2707	0.44281601366905454
2708	0.44251160517306354
2709	0.4422064828312756
2710	0.4419006497486816
2711	0.44159410906343
2712	0.4412868639464629
2713	0.4409789176011405
2714	0.4406702732628582
2715	0.4403609341986529
2716	0.4400509037068001
2717	0.43974018511640195
2718	0.43942878178696554
2719	0.43911669710797196
2720	0.4388039344984368
2721	0.43849049740646
2722	0.438176389308768
2723	0.43786161371024535
2724	0.4375461741434582
2725	0.43723007416816884
2726	0.4369133173708406
2727	0.4365959073641339
2728	0.4362778477863948
2729	0.4359591423011324
2730	0.4356397945964898
2731	0.4353198083847055
2732	0.4349991874015661
2733	0.4346779354058508
2734	0.4343560561787679
2735	0.43403355352338246
2736	0.433710431264036
2737	0.43338669324575896
2738	0.43306234333367294
2739	0.43273738541238815
2740	0.4324118233853908
2741	0.4320856611744237
2742	0.4317589027188591
2743	0.43143155197506494
2744	0.43110361291576216
2745	0.43077508952937704
2746	0.4304459858193842
2747	0.4301163058036442
2748	0.42978605351373483
2749	0.4294552329942731
2750	0.42912384830223416
2751	0.4287919035062616
2752	0.42845940268597177
2753	0.4281263499312528
2754	0.42779274934155775
2755	0.42745860502518984
2756	0.4271239210985855
2757	0.42678870168558924
2758	0.42645295091672375
2759	0.4261166729284559
2760	0.42577987186245647
2761	0.42544255186485525
2762	0.4251047170854922
2763	0.42476637167716363
2764	0.42442751979486326
2765	0.42408816559502027
2766	0.42374831323473305
2767	0.42340796687099785
2768	0.4230671306599362
2769	0.42272580875601584
2770	0.42238400531127107
2771	0.4220417244745178
2772	0.42169897039056736
2773	0.4213557471994357
2774	0.4210120590355509
2775	0.42066791002695997
2776	0.4203233042945285
2777	0.4199782459511444
2778	0.4196327391009145
2779	0.4192867878383626
2780	0.41894039624762447
2781	0.4185935684016426
2782	0.4182463083613577
2783	0.41789862017490187
2784	0.4175505078767895
2785	0.4172019754871063
2786	0.4168530270107016
2787	0.41650366643637526
2788	0.4161538977360698
2789	0.41580372486405814
2790	0.41545315175613423
2791	0.415102182328803
2792	0.41475082047847267
2793	0.4143990700806447
2794	0.41404693498910683
2795	0.4136944190351287
2796	0.4133415260266545
2797	0.412988259747502
2798	0.4126346239565595
2799	0.4122806223869866
2800	0.411926258745417
2801	0.4115715367111623
2802	0.41121645993541933
2803	0.41086103204047897
2804	0.4105052566189399
2805	0.4101491372329216
2806	0.4097926774132842
2807	0.4094358806588487
2808	0.40907875043562236
2809	0.40872129017602654
2810	0.4083635032781284
2811	0.40800539310487755
2812	0.407646962983345
2813	0.4072882162039678
2814	0.40692915601979673
2815	0.4065697856457493
2816	0.4062101082578668
2817	0.40585012699257755
2818	0.40548984494596224
2819	0.4051292651730273
2820	0.4047683906869819
2821	0.40440722445851973
2822	0.4040457694151084
2823	0.4036840284402824
2824	0.40332200437294224
2825	0.40295970000666004
2826	0.4025971180889911
2827	0.40223426132079065
2828	0.4018711323555382
2829	0.4015077337986669
2830	0.40114406820690035
2831	0.4007801380875953
2832	0.400415945898093
2833	0.40005149404507306
2834	0.39968678488391995
2835	0.39932182071809164
2836	0.39895660379849873
2837	0.39859113632288856
2838	0.39822542043523856
2839	0.3978594582251554
2840	0.3974932517272831
2841	0.397126802920718
2842	0.39676011372843223
2843	0.3963931860167036
2844	0.3960260215945549
2845	0.3956586222132009
2846	0.39529098956550357
2847	0.39492312528543405
2848	0.3945550309475459
2849	0.3941867080664532
2850	0.39381815809631987
2851	0.39344938243035704
2852	0.393080382400327
2853	0.39271115927605893
2854	0.392341714264971
2855	0.3919720485116024
2856	0.3916021630971538
2857	0.3912320590390377
2858	0.3908617372904363
2859	0.3904911987398702
2860	0.39012044421077474
2861	0.38974947446108654
2862	0.3893782901828391
2863	0.3890068920017681
2864	0.3886352804769249
2865	0.388263456100301
2866	0.38789141929646126
2867	0.3875191704221873
2868	0.3871467097661294
2869	0.38677403754846973
2870	0.3864011539205935
2871	0.38602805896477144
2872	0.38565475269385224
2873	0.3852812350509631
2874	0.38490750590922174
2875	0.3845335650714593
2876	0.3841594122699509
2877	0.383785047166157
2878	0.3834104693504785
2879	0.3830356783420156
2880	0.3826606735883422
2881	0.3822854544652894
2882	0.38191002027673704
2883	0.38153437025441983
2884	0.38115850355773906
2885	0.38078241927358975
2886	0.38040611641619404
2887	0.380029593926949
2888	0.3796528506742822
2889	0.37927588545351837
2890	0.37889869698675993
2891	0.37852128392277373
2892	0.3781436448368924
2893	0.37776577823092405
2894	0.37738768253307525
2895	0.3770093560978831
2896	0.37663079720615955
2897	0.37625200406494663
2898	0.37587297480748205
2899	0.3754937074931784
2900	0.3751142001076098
2901	0.37473445056251486
2902	0.3743544566958057
2903	0.373974216271594
2904	0.3735937269802238
2905	0.3732129864383187
2906	0.3728319921888401
2907	0.3724507417011573
2908	0.3720692323711287
2909	0.37168746152119647
2910	0.37130542640049113
2911	0.37092312418494977
2912	0.3705405519774463
2913	0.37015770680793214
2914	0.3697745856335921
2915	0.3693911853390104
2916	0.3690075027363488
2917	0.3686235345655393
2918	0.3682392774944876
2919	0.36785472811929054
2920	0.3674698829644648
2921	0.36708473848318973
2922	0.36669929105756277
2923	0.36631353699886726
2924	0.36592747254785396
2925	0.3655410938750364
2926	0.3651543970809974
2927	0.3647673781967117
2928	0.36438003318387946
2929	0.3639923579352757
2930	0.363604348275111
2931	0.36321599995940884
2932	0.3628273086763937
2933	0.362438270046896
2934	0.36204887962476817
2935	0.3616591328973192
2936	0.3612690252857577
2937	0.36087855214565445
2938	0.3604877087674174
2939	0.3600964903767808
2940	0.35970489213531004
2941	0.3593129091409213
2942	0.358920536428415
2943	0.3585277689700263
2944	0.358134601675989
2945	0.3577410293951152
2946	0.3573470469153915
2947	0.35695264896458984
2948	0.3565578302108928
2949	0.3561625852635375
2950	0.35576690867347316
2951	0.3553707949340351
2952	0.35497423848163595
2953	0.3545772336964714
2954	0.35417977490324426
2955	0.35378185637190296
2956	0.3533834723183986
2957	0.35298461690545757
2958	0.35258528424337077
2959	0.352185468390802
2960	0.35178516335560917
2961	0.35138436309568755
2962	0.35098306151982694
2963	0.3505812524885883
2964	0.35017892981519594
2965	0.34977608726644926
2966	0.3493727185636508
2967	0.3489688173835534
2968	0.3485643773593248
2969	0.34815939208152874
2970	0.3477538550991275
2971	0.3473477599204997
2972	0.3469411000144782
2973	0.3465338688114057
2974	0.3461260597042086
2975	0.3457176660494904
2976	0.34530868116864344
2977	0.3448990983489787
2978	0.344488910844875
2979	0.34407811187894766
2980	0.3436666946432355
2981	0.3432546523004063
2982	0.34284197798498295
2983	0.34242866480458733
2984	0.3420147058412034
2985	0.34160009415246095
2986	0.34118482277293793
2987	0.34076888471547995
2988	0.3403522729725422
2989	0.33993498051755067
2990	0.33951700030627946
2991	0.3390983252782497
2992	0.33867894835814927
2993	0.3382588624572689
2994	0.33783806047495873
2995	0.3374165353001055
2996	0.336994279812627
2997	0.33657128688498666
2998	0.33614754938372715
2999	0.3357230601710237
3000	0.33529781210625575
3001	0.33487179804759803
3002	0.3344450108536299
3003	0.33401744338496375
3004	0.3335890885058935
3005	0.33315993908605934
3006	0.33272998800213177
3007	0.33229922813951585
3008	0.33186765239407057
3009	0.33143525367384874
3010	0.33100202490085284
3011	0.33056795901281044
3012	0.33013304896496615
3013	0.32969728773189
3014	0.3292606683093052
3015	0.3288231837159301
3016	0.3283848269953399
3017	0.3279455912178414
3018	0.32750546948236636
3019	0.3270644549183803
3020	0.32662254068780533
3021	0.3261797199869612
3022	0.32573598604851817
3023	0.3252913321434665
3024	0.3248457515831005
3025	0.324399237721015
3026	0.3239517839551165
3027	0.3235033837296484
3028	0.32305403053722637
3029	0.3226037179208896
3030	0.32215243947616123
3031	0.3217001888531228
3032	0.3212469597584974
3033	0.3207927459577453
3034	0.3203375412771705
3035	0.31988133960603315
3036	0.3194241348986768
3037	0.31896592117665945
3038	0.3185066925308966
3039	0.31804644312380803
3040	0.3175851671914763
3041	0.31712285904580684
3042	0.3166595130766989
3043	0.31619512375421727
3044	0.3157296856307726
3045	0.31526319334330233
3046	0.31479564161545814
3047	0.31432702525979433
3048	0.3138573391799585
3049	0.31338657837288436
3050	0.31291473793098445
3051	0.3124418130443434
3052	0.31196779900291005
3053	0.3114926911986886
3054	0.31101648512792757
3055	0.31053917639330453
3056	0.31006076070610883
3057	0.30958123388841874
3058	0.30910059187527283
3059	0.30861883071683677
3060	0.3081359465805611
3061	0.3076519357533327
3062	0.3071667946436164
3063	0.3066805197835889
3064	0.3061931078312585
3065	0.3057045555725789
3066	0.30521485992354525
3067	0.30472401793228077
3068	0.3042320267811082
3069	0.303738883788606
3070	0.30324458641164903
3071	0.3027491322474316
3072	0.3022525190354747
3073	0.3017547446596113
3074	0.30125580714995653
3075	0.30075570468485124
3076	0.30025443559278997
3077	0.29975199835432154
3078	0.2992483916039299
3079	0.29874361413188605
3080	0.29823766488607945
3081	0.2977305429738184
3082	0.29722224766360517
3083	0.29671277838688276
3084	0.29620213473975054
3085	0.2956903164846506
3086	0.2951773235520221
3087	0.2946631560419235
3088	0.2941478142256196
3089	0.2936312985471369
3090	0.2931136096247803
3091	0.2925947482526159
3092	0.29207471540191354
3093	0.29155351222255405
3094	0.29103114004439445
3095	0.2905076003785924
3096	0.289982894918893
3097	0.28945702554286773
3098	0.28892999431311484
3099	0.2884018034784121
3100	0.287872455474827
3101	0.2873419529267785
3102	0.2868102986480528
3103	0.28627749564277194
3104	0.2857435471063123
3105	0.2852084564261736
3106	0.2846722271827985
3107	0.2841348631503393
3108	0.2835963682973734
3109	0.2830567467875658
3110	0.2825160029802767
3111	0.2819741414311172
3112	0.28143116689244535
3113	0.2808870843138108
3114	0.28034189884234006
3115	0.27979561582306434
3116	0.2792482407991911
3117	0.2786997795123143
3118	0.2781502379025681
3119	0.27759962210871814
3120	0.27704793846819487
3121	0.27649519351706275
3122	0.27594139398993206
3123	0.27538654681980396
3124	0.27483065913785737
3125	0.27427373827317014
3126	0.2737157917523799
3127	0.27315682729927626
3128	0.27259685283433566
3129	0.2720358764741871
3130	0.2714739065310151
3131	0.2709109515118985
3132	0.27034702011808304
3133	0.26978212124419104
3134	0.2692162639773633
3135	0.2686494575963381
3136	0.26808171157046334
3137	0.2675130355586447
3138	0.26694343940822784
3139	0.26637293315381494
3140	0.2658015270160184
3141	0.26522923140014626
3142	0.2646560568948255
3143	0.2640820142705608
3144	0.2635071144782283
3145	0.262931368647504
3146	0.2623547880852315
3147	0.2617773842737257
3148	0.26119916886901173
3149	0.2606201536990045
3150	0.26004035076162435
3151	0.2594597722228526
3152	0.25887843041472575
3153	0.25829633783327055
3154	0.2577135071363783
3155	0.2571299511416228
3156	0.25654568282401746
3157	0.255960715313718
3158	0.2553750618936672
3159	0.2547887359971849
3160	0.2542017512055034
3161	0.25361412124524874
3162	0.253025859985871
3163	0.25243698143702087
3164	0.2518474997458769
3165	0.25125742919442334
3166	0.25066678419667976
3167	0.2500755792958818
3168	0.24948382916161943
3169	0.24889154858692608
3170	0.24829875248532743
3171	0.24770545588784748
3172	0.24711167393997233
3173	0.246517421898575
3174	0.24592271512880395
3175	0.24532756910093062
3176	0.24473199938716575
3177	0.24413602165843923
3178	0.24353965168114844
3179	0.24294290531387497
3180	0.24234579850407273
3181	0.24174834728472677
3182	0.24115056777098692
3183	0.24055247615677655
3184	0.2399540887113762
3185	0.23935542177598826
3186	0.23875649176027974
3187	0.23815731513890712
3188	0.23755790844802438
3189	0.23695828828177584
3190	0.2363584712887756
3191	0.23575847416857498
3192	0.23515831366812007
3193	0.23455800657820022
3194	0.23395756972988999
3195	0.23335701999098624
3196	0.23275637426244117
3197	0.2321556494747939
3198	0.2315548625846014
3199	0.23095403057087188
3200	0.2303531704315001
3201	0.22975229917970832
3202	0.2291514338404934
3203	0.22855059144708245
3204	0.22794978903739715
3205	0.2273490436505302
3206	0.22674837232323447
3207	0.22614779208642669
3208	0.22554731996170718
3209	0.2249469729578962
3210	0.22434676806759138
3211	0.22374672226374387
3212	0.22314685249625793
3213	0.22254717568861293
3214	0.22194770873451083
3215	0.22134846849455067
3216	0.22074947179293025
3217	0.2201507354141763
3218	0.21955227609990652
3219	0.21895411054562264
3220	0.2183562553975371
3221	0.2177587272494319
3222	0.21716154263955714
3223	0.2165647180475617
3224	0.2159682698914655
3225	0.2153722145246681
3226	0.21477656823299907
3227	0.21418134723180796
3228	0.21358656766309894
3229	0.2129922455927053
3230	0.2123983970075103
3231	0.21180503781271207
3232	0.21121218382913493
3233	0.21061985079058712
3234	0.21002805434126504
3235	0.20943681003320735
3236	0.20884613332379753
3237	0.20825603957331473
3238	0.20766654404253682
3239	0.20707766189039323
3240	0.20648940817166908
3241	0.20590179783476237
3242	0.20531484571949213
3243	0.20472856655496102
3244	0.20414297495746944
3245	0.20355808542848564
3246	0.20297391235266843
3247	0.20239046999594312
3248	0.20180777250363524
3249	0.20122583389865578
3250	0.20064466807974424
3251	0.20006428881976396
3252	0.19948470976405605
3253	0.1989059444288456
3254	0.19832800619970503
3255	0.19775090833007314
3256	0.19717466393982785
3257	0.1965992860139164
3258	0.1960247874010389
3259	0.1954511808123887
3260	0.19487847882044618
3261	0.1943066938578284
3262	0.19373583821619383
3263	0.19316592404519883
3264	0.19259696335151183
3265	0.19202896799787778
3266	0.19146194970223943
3267	0.1908959200369082
3268	0.1903308904277903
3269	0.18976687215366422
3270	0.18920387634551028
3271	0.1886419139858903
3272	0.18808099590838107
3273	0.1875211327970543
3274	0.18696233518601058
3275	0.18640461345895837
3276	0.18584797784884605
3277	0.1852924384375389
3278	0.1847380051555449
3279	0.18418468778178726
3280	0.1836324959434239
3281	0.1830814391157108
3282	0.18253152662191363
3283	0.1819827676332592
3284	0.1814351711689342
3285	0.18088874609612518
3286	0.18034350113010145
3287	0.17979944483433768
3288	0.17925658562068003
3289	0.17871493174954936
3290	0.17817449133018604
3291	0.17763527232093063
3292	0.17709728252954504
3293	0.17656052961356763
3294	0.17602502108070733
3295	0.17549076428926996
3296	0.1749577664486215
3297	0.17442603461968376
3298	0.17389557571546332
3299	0.17336639650161242
3300	0.17283850359702102
3301	0.17231190347443917
3302	0.17178660246112962
3303	0.171262606739549
3304	0.17073992234805588
3305	0.1702185551816484
3306	0.16969851099272587
3307	0.1691797953918776
3308	0.1686624138486955
3309	0.16814637169261215
3310	0.16763167411375993
3311	0.16711832616385452
3312	0.16660633275709935
3313	0.16609569867111035
3314	0.16558642854786204
3315	0.1650785268946518
3316	0.16457199808508366
3317	0.16406684636006916
3318	0.16356307582884627
3319	0.16306069047001306
3320	0.1625596941325792
3321	0.16206009053703072
3322	0.16156188327640933
3323	0.16106507581740614
3324	0.16056967150146662
3325	0.16007567354590985
3326	0.1595830850450565
3327	0.1590919089713712
3328	0.1586021481766109
3329	0.15811380539298656
3330	0.15762688323433147
3331	0.15714138419727874
3332	0.1566573106624461
3333	0.15617466489562803
3334	0.15569344904899438
3335	0.15521366516229446
3336	0.15473531516406752
3337	0.1542584008728568
3338	0.15378292399842913
3339	0.15330888614299626
3340	0.1528362888024422
3341	0.15236513336755148
3342	0.15189542112523907
3343	0.1514271532597838
3344	0.1509603308540622
3345	0.15049495489078227
3346	0.1500310262537194
3347	0.1495685457289506
3348	0.14910751400608932
3349	0.14864793167951879
3350	0.14818979924962372
3351	0.14773311712402162
3352	0.1472778856187901
3353	0.14682410495969342
3354	0.14637177528340525
3355	0.14592089663872826
3356	0.14547146898781135
3357	0.14502349220736063
3358	0.14457696608984935
3359	0.14413189034472068
3360	0.143688264599587
3361	0.14324608840142447
3362	0.14280536121776127
3363	0.14236608243786097
3364	0.14192825137389975
3365	0.14149186726213736
3366	0.1410569292640828
3367	0.14062343646765216
3368	0.14019138788832033
3369	0.13976078247026527
3370	0.1393316190875059
3371	0.13890389654503285
3372	0.13847761357992927
3373	0.1380527688624871
3374	0.13762936099731374
3375	0.1372073885244305
3376	0.13678684992036363
3377	0.13636774359922715
3378	0.1359500679137958
3379	0.13553382115657123
3380	0.1351190015608379
3381	0.1347056073017119
3382	0.1342936364971785
3383	0.13388308720912334
3384	0.13347395744435214
3385	0.13306624515560264
3386	0.13265994824254684
3387	0.13225506455278424
3388	0.1318515918828247
3389	0.13144952797906273
3390	0.13104887053874217
3391	0.13064961721091098
3392	0.1302517655973662
3393	0.12985531325359007
3394	0.12946025768967598
3395	0.12906659637124412
3396	0.12867432672034831
3397	0.12828344611637282
3398	0.1278939518969192
3399	0.1275058413586832
3400	0.12711911175832216
3401	0.1267337603133134
3402	0.12634978420280052
3403	0.12596718056843226
3404	0.12558594651519112
3405	0.12520607911221085
3406	0.12482757539358526
3407	0.12445043235916828
3408	0.12407464697536211
3409	0.12370021617589715
3410	0.1233271368626022
3411	0.12295540590616441
3412	0.12258502014688087
3413	0.12221597639539852
3414	0.12184827143344773
3415	0.12148190201456255
3416	0.12111686486479561
3417	0.12075315668341992
3418	0.12039077414362481
3419	0.12002971389319941
3420	0.11966997255520923
3421	0.11931154672866284
3422	0.11895443298916894
3423	0.1185986278895855
3424	0.11824412796065861
3425	0.11789092971165402
3426	0.11753902963097766
3427	0.1171884241867904
3428	0.11683910982761056
3429	0.11649108298291072
3430	0.1161443400637043
3431	0.1157988774631247
3432	0.11545469155699445
3433	0.11511177870438775
3434	0.11477013524818412
3435	0.11442975751561274
3436	0.11409064181879033
3437	0.11375278445524956
3438	0.1134161817084606
3439	0.11308082984834404
3440	0.11274672513177611
3441	0.1124138638030856
3442	0.11208224209454457
3443	0.11175185622685022
3444	0.11142270240959826
3445	0.11109477684175212
3446	0.11076807571210094
3447	0.11044259519971292
3448	0.1101183314743799
3449	0.10979528069705599
3450	0.10947343902028799
3451	0.10915280258863916
3452	0.10883336753910741
3453	0.10851513000153389
3454	0.10819808609900707
3455	0.10788223194826002
3456	0.10756756366005929
3457	0.10725407733958925
3458	0.10694176908682922
3459	0.10663063499692324
3460	0.10632067116054573
3461	0.1060118736642586
3462	0.10570423859086356
3463	0.10539776201974814
3464	0.1050924400272254
3465	0.10478826868686805
3466	0.10448524406983611
3467	0.1041833622451998
3468	0.10388261928025566
3469	0.10358301124083757
3470	0.10328453419162227
3471	0.1029871841964291
3472	0.10269095731851458
3473	0.10239584962086112
3474	0.10210185716646147
3475	0.10180897601859659
3476	0.1015172022411098
3477	0.10122653189867427
3478	0.10093696105705732
3479	0.10064848578337793
3480	0.10036110214636104
3481	0.10007480621658635
3482	0.09978959406673102
3483	0.09950546177181041
3484	0.0992224054094119
3485	0.09894042105992579
3486	0.09865950480677033
3487	0.09837965273661303
3488	0.09810086093958775
3489	0.09782312550950699
3490	0.09754644254407085
3491	0.09727080814507036
3492	0.09699621841858805
3493	0.09672266947519373
3494	0.09645015743013682
3495	0.0961786784035336
3496	0.09590822852055242
3497	0.09563880391159317
3498	0.09537040071246418
3499	0.09510301506455522
3500	0.0948366431150062
3501	0.09457128101687351
3502	0.09430692492929088
3503	0.0940435710176292
3504	0.09378121545365052
3505	0.09351985441566042
3506	0.09325948408865611
3507	0.09300010066447106
3508	0.09274170034191745
3509	0.09248427932692425
3510	0.09222783383267313
3511	0.0919723600797299
3512	0.09171785429617518
3513	0.09146431271772927
3514	0.09121173158787649
3515	0.09096010715798471
3516	0.09070943568742407
3517	0.09045971344368049
3518	0.09021093670246794
3519	0.08996310174783857
3520	0.08971620487228751
3521	0.08947024237685844
3522	0.08922521057124337
3523	0.08898110577388271
3524	0.08873792431206026
3525	0.08849566252199746
3526	0.08825431674894438
3527	0.08801388334726892
3528	0.08777435868054256
3529	0.0875357391216253
3530	0.08729802105274684
3531	0.08706120086558616
3532	0.08682527496134959
3533	0.08659023975084457
3534	0.08635609165455452
3535	0.08612282710270819
3536	0.08589044253534883
3537	0.08565893440240153
3538	0.08542829916373738
3539	0.08519853328923672
3540	0.08496963325884949
3541	0.08474159556265451
3542	0.08451441670091633
3543	0.08428809318414053
3544	0.08406262153312745
3545	0.08383799827902275
3546	0.08361421996336843
3547	0.08339128313815007
3548	0.08316918436584406
3549	0.08294792021946132
3550	0.08272748728259124
3551	0.08250788214944285
3552	0.08228910142488456
3553	0.08207114172448285
3554	0.08185399967453874
3555	0.08163767191212332
3556	0.08142215508511161
3557	0.0812074458522144
3558	0.08099354088301006
3559	0.08078043685797343
3560	0.080568130468504
3561	0.08035661841695317
3562	0.08014589741664908
3563	0.07993596419192148
3564	0.07972681547812396
3565	0.07951844802165609
3566	0.07931085857998325
3567	0.07910404392165654
3568	0.07889800082632988
3569	0.07869272608477727
3570	0.07848821649890889
3571	0.07828446888178466
3572	0.07808148005762823
3573	0.07787924686183921
3574	0.07767776614100433
3575	0.0774770347529075
3576	0.07727704956653968
3577	0.0770778074621058
3578	0.07687930533103275
3579	0.07668154007597594
3580	0.07648450861082318
3581	0.0762882078607004
3582	0.07609263476197388
3583	0.07589778626225369
3584	0.07570365932039423
3585	0.07551025090649571
3586	0.07531755800190391
3587	0.07512557759920871
3588	0.07493430670224281
3589	0.07474374232607878
3590	0.07455388149702583
3591	0.0743647212526253
3592	0.07417625864164673
3593	0.07398849072408059
3594	0.07380141457113301
3595	0.07361502726521857
3596	0.07342932589995209
3597	0.07324430758014036
3598	0.07305996942177281
3599	0.07287630855201169
3600	0.072693322109182
3601	0.0725110072427596
3602	0.07232936111336004
3603	0.07214838089272618
3604	0.07196806376371488
3605	0.07178840692028406
3606	0.07160940756747808
3607	0.0714310629214131
3608	0.0712533702092625
3609	0.07107632666924044
3610	0.0708999295505861
3611	0.07072417611354666
3612	0.07054906362935984
3613	0.07037458938023698
3614	0.07020075065934381
3615	0.07002754477078244
3616	0.06985496902957183
3617	0.06968302076162847
3618	0.06951169730374594
3619	0.06934099600357524
3620	0.06917091421960284
3621	0.06900144932113036
3622	0.0688325986882521
3623	0.06866435971183388
3624	0.06849672979348947
3625	0.0683297063455588
3626	0.068163286791084
3627	0.06799746856378627
3628	0.06783224910804203
3629	0.06766762587885847
3630	0.06750359634184923
3631	0.06734015797320948
3632	0.06717730825969023
3633	0.06701504469857396
3634	0.06685336479764767
3635	0.06669226607517771
3636	0.06653174605988285
3637	0.06637180229090779
3638	0.06621243231779668
3639	0.06605363370046544
3640	0.06589540400917447
3641	0.06573774082450162
3642	0.06558064173731303
3643	0.06542410434873665
3644	0.06526812627013259
3645	0.06511270512306509
3646	0.06495783853927392
3647	0.06480352416064505
3648	0.06464975963918161
3649	0.06449654263697466
3650	0.0643438708261737
3651	0.0641917418889564
3652	0.06404015351749963
3653	0.06388910341394825
3654	0.06373858929038598
3655	0.06358860886880414
3656	0.06343915988107186
3657	0.06329024006890437
3658	0.06314184718383349
3659	0.06299397898717532
3660	0.06284663325000009
3661	0.06269980775310038
3662	0.06255350028696008
3663	0.0624077086517228
3664	0.0622624306571601
3665	0.062117664122639894
3666	0.06197340687709528
3667	0.061829656758991144
3668	0.06168641161629351
3669	0.06154366930643732
3670	0.06140142769629326
3671	0.06125968466213668
3672	0.06111843808961448
3673	0.060977685873712904
3674	0.06083742591872557
3675	0.060697656138219716
3676	0.06055837445500481
3677	0.06041957880109923
3678	0.06028126711769782
3679	0.06014343735513863
3680	0.06000608747287067
3681	0.05986921543942071
3682	0.059732819232360464
3683	0.059596896838273364
3684	0.05946144625272225
3685	0.05932646548021522
3686	0.05919195253417395
3687	0.05905790543689929
3688	0.058924322219539166
3689	0.05879120092205484
3690	0.05865853959318809
3691	0.05852633629042802
3692	0.05839458907997767
3693	0.058263296036720987
3694	0.058132455244189876
3695	0.05800206479453059
3696	0.05787212278847093
3697	0.05774262733528668
3698	0.05761357655276894
3699	0.05748496856719043
3700	0.05735680151327248
3701	0.05722907353415235
3702	0.057101782781349406
3703	0.056974927414732465
3704	0.056848505602486415
3705	0.05672251552107948
3706	0.05659695535522966
3707	0.056471823297872245
3708	0.05634711755012664
3709	0.056222836321263014
3710	0.05609897782867017
3711	0.05597554029782159
3712	0.05585252196224337
3713	0.05572992106348153
3714	0.05560773585106803
3715	0.05548596458248953
3716	0.05536460552315357
3717	0.055243656946356474
3718	0.055123117133250445
3719	0.05500298437281111
3720	0.05488325696180508
3721	0.05476393320475735
3722	0.054645011413918754
3723	0.05452648990923404
3724	0.054408367018309034
3725	0.05429064107637846
3726	0.05417331042627439
3727	0.05405637341839311
3728	0.05393982841066379
3729	0.0538236737685162
3730	0.053707907864848775
3731	0.05359252907999644
3732	0.05347753580169955
3733	0.05336292642507125
3734	0.053248699352566244
3735	0.0531348529939493
3736	0.05302138576626337
3737	0.052908296093798185
3738	0.05279558240805898
3739	0.05268324314773516
3740	0.05257127675866886
3741	0.05245968169382391
3742	0.0523484564132548
3743	0.05223759938407531
3744	0.05212710908042803
3745	0.05201698398345306
3746	0.05190722258125745
3747	0.051797823368884596
3748	0.0516887848482831
3749	0.051580105528277076
3750	0.051471783924534636
3751	0.05136381855953831
3752	0.05125620796255474
3753	0.05114895066960387
3754	0.0510420452234291
3755	0.05093549017346756
3756	0.05082928407581992
3757	0.05072342549322029
3758	0.05061791299500693
3759	0.05051274515709228
3760	0.05040792056193293
3761	0.0503034377985012
3762	0.05019929546225474
3763	0.050095492155107654
3764	0.049992026485401186
