Epoch	Total Error
1	2.1593698625600917
2	2.157061324690759
3	2.1550500577027867
4	2.153291715663022
5	2.1517514883022204
6	2.150401401962861
7	2.1492184937421484
8	2.148183558994876
9	2.1472802782955007
10	2.146494597952599
11	2.145814281848039
12	2.1452285805166236
13	2.1447279815969646
14	2.1443040176399113
15	2.1439491150280063
16	2.1436564728856435
17	2.143419964270571
18	2.1432340542274826
19	2.1430937308371916
20	2.1429944464589994
21	2.1429320671016745
22	2.14290282837646
23	2.1429032968540382
24	2.1429303359132748
25	2.1429810753641765
26	2.1430528842720236
27	2.1431433465185483
28	2.1432502387192423
29	2.1433715101802857
30	2.143505264629143
31	2.143649743492877
32	2.1438033105303242
33	2.1439644376501645
34	2.1441316917680178
35	2.1443037225729444
36	2.144479251087948
37	2.1446570589208074
38	2.1448359781112565
39	2.145014881488581
40	2.145192673460331
41	2.145368281158326
42	2.1455406458726034
43	2.1457087147075993
44	2.1458714323977506
45	2.146027733221979
46	2.1461765329582523
47	2.1463167208206655
48	2.146447151322303
49	2.1465666360076527
50	2.1466739349984993
51	2.1467677482971603
52	2.1468467067906825
53	2.146909362899236
54	2.146954180811502
55	2.1469795262494578
56	2.1469836557047013
57	2.146964705088384
58	2.146920677737213
59	2.1468494317188274
60	2.146748666381523
61	2.1466159080958227
62	2.146448495139307
63	2.146243561681449
64	2.1459980208326113
65	2.145708546731086
66	2.14537155565474
67	2.1449831861600224
68	2.1445392782714423
69	2.144035351769951
70	2.143466583659798
71	2.142827784931234
72	2.1421133767820284
73	2.1413173665150538
74	2.140433323393338
75	2.139454354808913
76	2.138373083208479
77	2.1371816243179946
78	2.135871567320234
79	2.1344339577638944
80	2.1328592841193146
81	2.1311374690424274
82	2.1292578665622544
83	2.1272092665635762
84	2.1249799080889655
85	2.122557503124376
86	2.1199292726488017
87	2.117081996806853
88	2.114002081086401
89	2.1106756403315425
90	2.107088602271408
91	2.103226831973428
92	2.0990762782107586
93	2.0946231421444543
94	2.0898540679428597
95	2.0847563539821197
96	2.079318182093319
97	2.0735288609596187
98	2.0673790782575283
99	2.0608611545400475
100	2.0539692902614624
101	2.0466997958546673
102	2.0390512935236482
103	2.0310248785509724
104	2.022624227588474
105	2.0138556417286857
106	2.004728013240735
107	1.995252706738605
108	1.9854433482025236
109	1.9753155185838507
110	1.9648863524948903
111	1.9541740464482638
112	1.9431972849456414
113	1.931974596085011
114	1.9205236509449544
115	1.908860522565213
116	1.8969989207300493
117	1.884949417959373
118	1.8727186802482811
119	1.8603087134311858
120	1.8477161329618914
121	1.834931461865026
122	1.8219384591540877
123	1.808713479683593
124	1.7952248667725614
125	1.781432381563756
126	1.7672866785110557
127	1.7527288451221632
128	1.7376900365477814
129	1.7220912520386071
130	1.7058433205570114
131	1.688847186130395
132	1.6709946079610452
133	1.6521694122938846
134	1.632249446785082
135	1.6111093852270015
136	1.5886245003300399
137	1.5646754535830705
138	1.5391540357376932
139	1.5119696296657696
140	1.4830559753598553
141	1.4523776314661705
142	1.4199354044955057
143	1.385770016458472
144	1.3499634445715487
145	1.3126376847063614
146	1.2739510926527406
147	1.234092827282991
148	1.1932761417486368
149	1.1517312833117126
150	1.1096985944918931
151	1.0674221512411584
152	1.0251440384044068
153	0.983099224148265
154	0.9415109688035148
155	0.9005867550323392
156	0.8605148004662921
157	0.8214612648088924
158	0.7835682687170867
159	0.7469528034285091
160	0.7117065448124344
161	0.6778965140385246
162	0.6455664663351594
163	0.6147388490898735
164	0.5854171534326029
165	0.5575884868550042
166	0.531226212996391
167	0.5062925323699612
168	0.48274090902130484
169	0.4605182786974994
170	0.43956700130304105
171	0.41982654277886466
172	0.40123488862775003
173	0.3837297033792162
174	0.36724925799576813
175	0.3517331514013399
176	0.3371228538122545
177	0.323362099145654
178	0.3103971521224038
179	0.2981769732863948
180	0.2866533024153183
181	0.27578067797138917
182	0.26551640751422456
183	0.255820501481293
184	0.2466555804912552
185	0.2379867643630997
186	0.22978154936621667
187	0.22200967880590497
188	0.21464301087954654
189	0.2076553867818682
190	0.20102250126380833
191	0.19472177723054634
192	0.18873224547464784
193	0.18303443025739452
194	0.1776102411556238
195	0.17244287136609485
196	0.16751670249056583
197	0.16281721570078572
198	0.15833090909397407
199	0.15404522098831722
200	0.14994845886830505
201	0.14602973366633845
202	0.14227889905598873
203	0.1386864954303759
204	0.13524369824393817
205	0.13194227040539624
206	0.12877451842250223
207	0.12573325201406033
208	0.12281174692082916
209	0.12000371066359758
210	0.11730325101352626
211	0.11470484695635724
212	0.11220332194811516
213	0.10979381927525762
214	0.10747177934678578
215	0.10523291875953485
216	0.10307321099068867
217	0.1009888685835291
218	0.0989763267035169
219	0.09703222795206418
220	0.09515340833483124
221	0.09333688429007997
222	0.09157984069063708
223	0.08987961974034388
224	0.08823371069260727
225	0.08663974032481912
226	0.08509546410803648
227	0.08359875801646262
228	0.08214761092596574
229	0.08074011755515895
230	0.0793744719064879
231	0.07804896116834027
232	0.07676196004245023
233	0.07551192546385979
234	0.07429739168340033
235	0.07311696568514812
236	0.07196932291356578
237	0.07085320328711092
238	0.06976740747698357
239	0.06871079343140062
240	0.06768227312737654
241	0.06668080953341463
242	0.06570541376784517
243	0.06475514243874685
244	0.06382909515249123
245	0.06292641217896688
246	0.062046272262458096
247	0.06118789056801251
248	0.06035051675390225
249	0.05953343316150027
250	0.058735953114553735
251	0.05795741932043149
252	0.05719720236648222
253	0.056454699305145246
254	0.0557293323219252
255	0.05502054748077252
256	0.054327813541807504
257	0.05365062084669214
258	0.05298848026728871
259	0.05234092221355621
260	0.05170749569692279
261	0.05108776744563199
262	0.05048132106881177
263	0.04988775626623586
